[ (1, 3, 1, 151.5660400390625, 26.637805938720703, 0.0, 0.0, 1.0296885967254639, 0.0, 1, 0, 0, [(1, 1, 1, 4, 0, 151.5660400390625, 26.637805938720703), (0, 0, 0, 0, 0, 0.0, 0.0), (0, 0, 0, 0, 0, 0.0, 0.0), (0, 0, 0, 0, 0, 0.0, 0.0)])]
[ (1, 3, 1, 151.5660400390625, 26.637805938720703, 0.0, 0.0, 1.0296885967254639, 0.0, 1, 0, 0, [(1, 1, 1, 4, 0, 151.5660400390625, 26.637805938720703), (0, 0, 0, 0, 0, 0.0, 0.0), (0, 0, 0, 0, 0, 0.0, 0.0), (0, 0, 0, 0, 0, 0.0, 0.0)])]
[ (1, 3, 1, 151.5660400390625, 26.637805938720703, 0.0, 0.0, 1.0296885967254639, 0.0, 1, 0, 0, [(1, 1, 1, 4, 0, 151.5660400390625, 26.637805938720703), (0, 0, 0, 0, 0, 0.0, 0.0), (0, 0, 0, 0, 0, 0.0, 0.0), (0, 0, 0, 0, 0, 0.0, 0.0)])]
[ (1, 3, 1, 151.5660400390625, 26.637805938720703, 0.0, 0.0, 1.0296885967254639, 0.0, 1, 0, 0, [(1, 1, 1, 4, 0, 151.5660400390625, 26.637805938720703), (0, 0, 0, 0, 0, 0.0, 0.0), (0, 0, 0, 0, 0, 0.0, 0.0), (0, 0, 0, 0, 0, 0.0, 0.0)])]
[ (1, 3, 1, 151.5660400390625, 26.637805938720703, 0.0, 0.0, 1.0296885967254639, 0.0, 1, 0, 0, [(1, 1, 1, 4, 0, 151.5660400390625, 26.637805938720703), (0, 0, 0, 0, 0, 0.0, 0.0), (0, 0, 0, 0, 0, 0.0, 0.0), (0, 0, 0, 0, 0, 0.0, 0.0)])]
[ (1, 3, 1, 151.5660400390625, 26.637805938720703, 0.0, 0.0, 1.0296885967254639, 0.0, 1, 0, 0, [(1, 1, 1, 4, 0, 151.5660400390625, 26.637805938720703), (0, 0, 0, 0, 0, 0.0, 0.0), (0, 0, 0, 0, 0, 0.0, 0.0), (0, 0, 0, 0, 0, 0.0, 0.0)])]
[ (1, 3, 1, 151.5660400390625, 26.637805938720703, 0.0, 0.0, 1.0296885967254639, 0.0, 1, 0, 0, [(1, 1, 1, 4, 0, 151.5660400390625, 26.637805938720703), (0, 0, 0, 0, 0, 0.0, 0.0), (0, 0, 0, 0, 0, 0.0, 0.0), (0, 0, 0, 0, 0, 0.0, 0.0)])]
[ (1, 3, 1, 151.5660400390625, 26.637805938720703, 0.0, 0.0, 1.0296885967254639, 0.0, 1, 0, 0, [(1, 1, 1, 4, 0, 151.5660400390625, 26.637805938720703), (0, 0, 0, 0, 0, 0.0, 0.0), (0, 0, 0, 0, 0, 0.0, 0.0), (0, 0, 0, 0, 0, 0.0, 0.0)])]
[ (1, 3, 1, 151.5660400390625, 26.637805938720703, 0.0, 0.0, 1.0296885967254639, 0.0, 1, 0, 0, [(1, 1, 1, 4, 0, 151.5660400390625, 26.637805938720703), (0, 0, 0, 0, 0, 0.0, 0.0), (0, 0, 0, 0, 0, 0.0, 0.0), (0, 0, 0, 0, 0, 0.0, 0.0)])]
[ (1, 3, 1, 151.5660400390625, 26.637805938720703, 0.0, 0.0, 1.0296885967254639, 0.0, 1, 0, 0, [(1, 1, 1, 4, 0, 151.5660400390625, 26.637805938720703), (0, 0, 0, 0, 0, 0.0, 0.0), (0, 0, 0, 0, 0, 0.0, 0.0), (0, 0, 0, 0, 0, 0.0, 0.0)])]
[ (1, 3, 1, 151.5660400390625, 26.637805938720703, 0.0, 0.0, 1.0296885967254639, 0.0, 1, 0, 0, [(1, 1, 1, 4, 0, 151.5660400390625, 26.637805938720703), (0, 0, 0, 0, 0, 0.0, 0.0), (0, 0, 0, 0, 0, 0.0, 0.0), (0, 0, 0, 0, 0, 0.0, 0.0)])]
[ (1, 3, 1, 151.5660400390625, 26.637805938720703, 0.0, 0.0, 1.0296885967254639, 0.0, 1, 0, 0, [(1, 1, 1, 4, 0, 151.5660400390625, 26.637805938720703), (0, 0, 0, 0, 0, 0.0, 0.0), (0, 0, 0, 0, 0, 0.0, 0.0), (0, 0, 0, 0, 0, 0.0, 0.0)])]
[ (1, 3, 1, 151.5660400390625, 26.637805938720703, 0.0, 0.0, 1.0296885967254639, 0.0, 1, 0, 0, [(1, 1, 1, 4, 0, 151.5660400390625, 26.637805938720703), (0, 0, 0, 0, 0, 0.0, 0.0), (0, 0, 0, 0, 0, 0.0, 0.0), (0, 0, 0, 0, 0, 0.0, 0.0)])]
[ (1, 3, 1, 151.5660400390625, 26.637805938720703, 0.0, 0.0, 1.0296885967254639, 0.0, 1, 0, 0, [(1, 1, 1, 4, 0, 151.5660400390625, 26.637805938720703), (0, 0, 0, 0, 0, 0.0, 0.0), (0, 0, 0, 0, 0, 0.0, 0.0), (0, 0, 0, 0, 0, 0.0, 0.0)])]
[ (1, 3, 1, 151.5660400390625, 26.637805938720703, 0.0, 0.0, 1.0296885967254639, 0.0, 1, 0, 0, [(1, 1, 1, 4, 0, 151.5660400390625, 26.637805938720703), (0, 0, 0, 0, 0, 0.0, 0.0), (0, 0, 0, 0, 0, 0.0, 0.0), (0, 0, 0, 0, 0, 0.0, 0.0)])]
