[ (2, 3, 1, 136.68519592285156, 65.70653533935547, 0.0, 0.0, 1.0999999046325684, 0.0, 1, 0, 1, [(0, 1, 8, 2, 6, 136.68519592285156, 65.70653533935547), (0, 0, 0, 0, 0, 0.0, 0.0), (0, 0, 0, 0, 0, 0.0, 0.0), (0, 0, 0, 0, 0, 0.0, 0.0)])]
[ (2, 3, 1, 136.68519592285156, 65.70653533935547, 0.0, 0.0, 1.0999999046325684, 0.0, 1, 0, 1, [(0, 1, 8, 2, 6, 136.68519592285156, 65.70653533935547), (0, 0, 0, 0, 0, 0.0, 0.0), (0, 0, 0, 0, 0, 0.0, 0.0), (0, 0, 0, 0, 0, 0.0, 0.0)])]
[ (2, 3, 1, 136.68519592285156, 65.70653533935547, 0.0, 0.0, 1.0999999046325684, 0.0, 1, 0, 1, [(0, 1, 8, 2, 6, 136.68519592285156, 65.70653533935547), (0, 0, 0, 0, 0, 0.0, 0.0), (0, 0, 0, 0, 0, 0.0, 0.0), (0, 0, 0, 0, 0, 0.0, 0.0)])]
[ (2, 3, 1, 136.68519592285156, 65.70653533935547, 0.0, 0.0, 1.0999999046325684, 0.0, 1, 0, 1, [(0, 1, 8, 2, 6, 136.68519592285156, 65.70653533935547), (0, 0, 0, 0, 0, 0.0, 0.0), (0, 0, 0, 0, 0, 0.0, 0.0), (0, 0, 0, 0, 0, 0.0, 0.0)])]
[ (2, 3, 1, 136.68519592285156, 65.70653533935547, 0.0, 0.0, 1.0999999046325684, 0.0, 1, 0, 1, [(0, 1, 8, 2, 6, 136.68519592285156, 65.70653533935547), (0, 0, 0, 0, 0, 0.0, 0.0), (0, 0, 0, 0, 0, 0.0, 0.0), (0, 0, 0, 0, 0, 0.0, 0.0)])]
[ (2, 3, 1, 136.68519592285156, 65.70653533935547, 0.0, 0.0, 1.0999999046325684, 0.0, 1, 0, 1, [(0, 1, 8, 2, 6, 136.68519592285156, 65.70653533935547), (0, 0, 0, 0, 0, 0.0, 0.0), (0, 0, 0, 0, 0, 0.0, 0.0), (0, 0, 0, 0, 0, 0.0, 0.0)])]
[ (2, 3, 1, 136.68519592285156, 65.70653533935547, 0.0, 0.0, 1.0999999046325684, 0.0, 1, 0, 1, [(0, 1, 8, 2, 6, 136.68519592285156, 65.70653533935547), (0, 0, 0, 0, 0, 0.0, 0.0), (0, 0, 0, 0, 0, 0.0, 0.0), (0, 0, 0, 0, 0, 0.0, 0.0)])]
[ (2, 3, 1, 136.68519592285156, 65.70653533935547, 0.0, 0.0, 1.0999999046325684, 0.0, 1, 0, 1, [(0, 1, 8, 2, 6, 136.68519592285156, 65.70653533935547), (0, 0, 0, 0, 0, 0.0, 0.0), (0, 0, 0, 0, 0, 0.0, 0.0), (0, 0, 0, 0, 0, 0.0, 0.0)])]
[ (2, 3, 1, 136.68519592285156, 65.70653533935547, 0.0, 0.0, 1.0999999046325684, 0.0, 1, 0, 1, [(0, 1, 8, 2, 6, 136.68519592285156, 65.70653533935547), (0, 0, 0, 0, 0, 0.0, 0.0), (0, 0, 0, 0, 0, 0.0, 0.0), (0, 0, 0, 0, 0, 0.0, 0.0)])]
[ (2, 3, 1, 136.68519592285156, 65.70653533935547, 0.0, 0.0, 1.0999999046325684, 0.0, 1, 0, 1, [(0, 1, 8, 2, 6, 136.68519592285156, 65.70653533935547), (0, 0, 0, 0, 0, 0.0, 0.0), (0, 0, 0, 0, 0, 0.0, 0.0), (0, 0, 0, 0, 0, 0.0, 0.0)])]
[ (2, 3, 1, 136.68519592285156, 65.70653533935547, 0.0, 0.0, 1.0999999046325684, 0.0, 1, 0, 1, [(0, 1, 8, 2, 6, 136.68519592285156, 65.70653533935547), (0, 0, 0, 0, 0, 0.0, 0.0), (0, 0, 0, 0, 0, 0.0, 0.0), (0, 0, 0, 0, 0, 0.0, 0.0)])]
[ (2, 3, 1, 136.68519592285156, 65.70653533935547, 0.0, 0.0, 1.0999999046325684, 0.0, 1, 0, 1, [(0, 1, 8, 2, 6, 136.68519592285156, 65.70653533935547), (0, 0, 0, 0, 0, 0.0, 0.0), (0, 0, 0, 0, 0, 0.0, 0.0), (0, 0, 0, 0, 0, 0.0, 0.0)])]
[ (2, 3, 1, 136.68519592285156, 65.70653533935547, 0.0, 0.0, 1.0999999046325684, 0.0, 1, 0, 1, [(0, 1, 8, 2, 6, 136.68519592285156, 65.70653533935547), (0, 0, 0, 0, 0, 0.0, 0.0), (0, 0, 0, 0, 0, 0.0, 0.0), (0, 0, 0, 0, 0, 0.0, 0.0)])]
[ (2, 3, 1, 136.68519592285156, 65.70653533935547, 0.0, 0.0, 1.0999999046325684, 0.0, 1, 0, 1, [(0, 1, 8, 2, 6, 136.68519592285156, 65.70653533935547), (0, 0, 0, 0, 0, 0.0, 0.0), (0, 0, 0, 0, 0, 0.0, 0.0), (0, 0, 0, 0, 0, 0.0, 0.0)])]
[ (2, 3, 1, 136.68519592285156, 65.70653533935547, 0.0, 0.0, 1.0999999046325684, 0.0, 1, 0, 1, [(0, 1, 8, 2, 6, 136.68519592285156, 65.70653533935547), (0, 0, 0, 0, 0, 0.0, 0.0), (0, 0, 0, 0, 0, 0.0, 0.0), (0, 0, 0, 0, 0, 0.0, 0.0)])]
