[ (3, 3, 1, 119.88999938964844, 18.795724868774414, 0.0, 0.0, 1.0596473217010498, 0.0, 1, 0, 2, [(1, 1, 3, 6, 3, 119.88999938964844, 18.795724868774414), (0, 0, 0, 0, 0, 0.0, 0.0), (0, 0, 0, 0, 0, 0.0, 0.0), (0, 0, 0, 0, 0, 0.0, 0.0)])]
[ (3, 3, 1, 119.88999938964844, 18.795724868774414, 0.0, 0.0, 1.0596473217010498, 0.0, 1, 0, 2, [(1, 1, 3, 6, 3, 119.88999938964844, 18.795724868774414), (0, 0, 0, 0, 0, 0.0, 0.0), (0, 0, 0, 0, 0, 0.0, 0.0), (0, 0, 0, 0, 0, 0.0, 0.0)])]
[ (3, 3, 1, 119.88999938964844, 18.795724868774414, 0.0, 0.0, 1.0596473217010498, 0.0, 1, 0, 2, [(1, 1, 3, 6, 3, 119.88999938964844, 18.795724868774414), (0, 0, 0, 0, 0, 0.0, 0.0), (0, 0, 0, 0, 0, 0.0, 0.0), (0, 0, 0, 0, 0, 0.0, 0.0)])]
[ (3, 3, 1, 119.88999938964844, 18.795724868774414, 0.0, 0.0, 1.0596473217010498, 0.0, 1, 0, 2, [(1, 1, 3, 6, 3, 119.88999938964844, 18.795724868774414), (0, 0, 0, 0, 0, 0.0, 0.0), (0, 0, 0, 0, 0, 0.0, 0.0), (0, 0, 0, 0, 0, 0.0, 0.0)])]
[ (3, 3, 1, 119.88999938964844, 18.795724868774414, 0.0, 0.0, 1.0596473217010498, 0.0, 1, 0, 2, [(1, 1, 3, 6, 3, 119.88999938964844, 18.795724868774414), (0, 0, 0, 0, 0, 0.0, 0.0), (0, 0, 0, 0, 0, 0.0, 0.0), (0, 0, 0, 0, 0, 0.0, 0.0)])]
[ (3, 3, 1, 119.88999938964844, 18.795724868774414, 0.0, 0.0, 1.0596473217010498, 0.0, 1, 0, 2, [(1, 1, 3, 6, 3, 119.88999938964844, 18.795724868774414), (0, 0, 0, 0, 0, 0.0, 0.0), (0, 0, 0, 0, 0, 0.0, 0.0), (0, 0, 0, 0, 0, 0.0, 0.0)])]
[ (3, 3, 1, 119.88999938964844, 18.795724868774414, 0.0, 0.0, 1.0596473217010498, 0.0, 1, 0, 2, [(1, 1, 3, 6, 3, 119.88999938964844, 18.795724868774414), (0, 0, 0, 0, 0, 0.0, 0.0), (0, 0, 0, 0, 0, 0.0, 0.0), (0, 0, 0, 0, 0, 0.0, 0.0)])]
[ (3, 3, 1, 119.88999938964844, 18.795724868774414, 0.0, 0.0, 1.0596473217010498, 0.0, 1, 0, 2, [(1, 1, 3, 6, 3, 119.88999938964844, 18.795724868774414), (0, 0, 0, 0, 0, 0.0, 0.0), (0, 0, 0, 0, 0, 0.0, 0.0), (0, 0, 0, 0, 0, 0.0, 0.0)])]
[ (3, 3, 1, 119.88999938964844, 18.795724868774414, 0.0, 0.0, 1.0596473217010498, 0.0, 1, 0, 2, [(1, 1, 3, 6, 3, 119.88999938964844, 18.795724868774414), (0, 0, 0, 0, 0, 0.0, 0.0), (0, 0, 0, 0, 0, 0.0, 0.0), (0, 0, 0, 0, 0, 0.0, 0.0)])]
[ (3, 3, 1, 119.88999938964844, 18.795724868774414, 0.0, 0.0, 1.0596473217010498, 0.0, 1, 0, 2, [(1, 1, 3, 6, 3, 119.88999938964844, 18.795724868774414), (0, 0, 0, 0, 0, 0.0, 0.0), (0, 0, 0, 0, 0, 0.0, 0.0), (0, 0, 0, 0, 0, 0.0, 0.0)])]
[ (3, 3, 1, 119.88999938964844, 18.795724868774414, 0.0, 0.0, 1.0596473217010498, 0.0, 1, 0, 2, [(1, 1, 3, 6, 3, 119.88999938964844, 18.795724868774414), (0, 0, 0, 0, 0, 0.0, 0.0), (0, 0, 0, 0, 0, 0.0, 0.0), (0, 0, 0, 0, 0, 0.0, 0.0)])]
[ (3, 3, 1, 119.88999938964844, 18.795724868774414, 0.0, 0.0, 1.0596473217010498, 0.0, 1, 0, 2, [(1, 1, 3, 6, 3, 119.88999938964844, 18.795724868774414), (0, 0, 0, 0, 0, 0.0, 0.0), (0, 0, 0, 0, 0, 0.0, 0.0), (0, 0, 0, 0, 0, 0.0, 0.0)])]
[ (3, 3, 1, 119.88999938964844, 18.795724868774414, 0.0, 0.0, 1.0596473217010498, 0.0, 1, 0, 2, [(1, 1, 3, 6, 3, 119.88999938964844, 18.795724868774414), (0, 0, 0, 0, 0, 0.0, 0.0), (0, 0, 0, 0, 0, 0.0, 0.0), (0, 0, 0, 0, 0, 0.0, 0.0)])]
[ (3, 3, 1, 119.88999938964844, 18.795724868774414, 0.0, 0.0, 1.0596473217010498, 0.0, 1, 0, 2, [(1, 1, 3, 6, 3, 119.88999938964844, 18.795724868774414), (0, 0, 0, 0, 0, 0.0, 0.0), (0, 0, 0, 0, 0, 0.0, 0.0), (0, 0, 0, 0, 0, 0.0, 0.0)])]
[ (3, 3, 1, 119.88999938964844, 18.795724868774414, 0.0, 0.0, 1.0596473217010498, 0.0, 1, 0, 2, [(1, 1, 3, 6, 3, 119.88999938964844, 18.795724868774414), (0, 0, 0, 0, 0, 0.0, 0.0), (0, 0, 0, 0, 0, 0.0, 0.0), (0, 0, 0, 0, 0, 0.0, 0.0)])]
[ (3, 3, 1, 119.88999938964844, 18.795724868774414, 0.0, 0.0, 1.0596473217010498, 0.0, 1, 0, 2, [(1, 1, 3, 6, 3, 119.88999938964844, 18.795724868774414), (0, 0, 0, 0, 0, 0.0, 0.0), (0, 0, 0, 0, 0, 0.0, 0.0), (0, 0, 0, 0, 0, 0.0, 0.0)])]
[ (3, 3, 1, 119.88999938964844, 18.795724868774414, 0.0, 0.0, 1.0596473217010498, 0.0, 1, 0, 2, [(1, 1, 3, 6, 3, 119.88999938964844, 18.795724868774414), (0, 0, 0, 0, 0, 0.0, 0.0), (0, 0, 0, 0, 0, 0.0, 0.0), (0, 0, 0, 0, 0, 0.0, 0.0)])]
[ (3, 3, 1, 119.88999938964844, 18.795724868774414, 0.0, 0.0, 1.0596473217010498, 0.0, 1, 0, 2, [(1, 1, 3, 6, 3, 119.88999938964844, 18.795724868774414), (0, 0, 0, 0, 0, 0.0, 0.0), (0, 0, 0, 0, 0, 0.0, 0.0), (0, 0, 0, 0, 0, 0.0, 0.0)])]
[ (3, 3, 1, 119.88999938964844, 18.795724868774414, 0.0, 0.0, 1.0596473217010498, 0.0, 1, 0, 2, [(1, 1, 3, 6, 3, 119.88999938964844, 18.795724868774414), (0, 0, 0, 0, 0, 0.0, 0.0), (0, 0, 0, 0, 0, 0.0, 0.0), (0, 0, 0, 0, 0, 0.0, 0.0)])]
[ (3, 3, 1, 119.88999938964844, 18.795724868774414, 0.0, 0.0, 1.0596473217010498, 0.0, 1, 0, 2, [(1, 1, 3, 6, 3, 119.88999938964844, 18.795724868774414), (0, 0, 0, 0, 0, 0.0, 0.0), (0, 0, 0, 0, 0, 0.0, 0.0), (0, 0, 0, 0, 0, 0.0, 0.0)])]
[ (3, 3, 1, 119.88999938964844, 18.795724868774414, 0.0, 0.0, 1.0596473217010498, 0.0, 1, 0, 2, [(1, 1, 3, 6, 3, 119.88999938964844, 18.795724868774414), (0, 0, 0, 0, 0, 0.0, 0.0), (0, 0, 0, 0, 0, 0.0, 0.0), (0, 0, 0, 0, 0, 0.0, 0.0)])]
[ (3, 3, 1, 119.88999938964844, 18.795724868774414, 0.0, 0.0, 1.0596473217010498, 0.0, 1, 0, 2, [(1, 1, 3, 6, 3, 119.88999938964844, 18.795724868774414), (0, 0, 0, 0, 0, 0.0, 0.0), (0, 0, 0, 0, 0, 0.0, 0.0), (0, 0, 0, 0, 0, 0.0, 0.0)])]
[ (3, 3, 1, 119.88999938964844, 18.795724868774414, 0.0, 0.0, 1.0596473217010498, 0.0, 1, 0, 2, [(1, 1, 3, 6, 3, 119.88999938964844, 18.795724868774414), (0, 0, 0, 0, 0, 0.0, 0.0), (0, 0, 0, 0, 0, 0.0, 0.0), (0, 0, 0, 0, 0, 0.0, 0.0)])]
[ (3, 3, 1, 119.88999938964844, 18.795724868774414, 0.0, 0.0, 1.0596473217010498, 0.0, 1, 0, 2, [(1, 1, 3, 6, 3, 119.88999938964844, 18.795724868774414), (0, 0, 0, 0, 0, 0.0, 0.0), (0, 0, 0, 0, 0, 0.0, 0.0), (0, 0, 0, 0, 0, 0.0, 0.0)])]
[ (3, 3, 1, 119.88999938964844, 18.795724868774414, 0.0, 0.0, 1.0596473217010498, 0.0, 1, 0, 2, [(1, 1, 3, 6, 3, 119.88999938964844, 18.795724868774414), (0, 0, 0, 0, 0, 0.0, 0.0), (0, 0, 0, 0, 0, 0.0, 0.0), (0, 0, 0, 0, 0, 0.0, 0.0)])]
[ (3, 3, 1, 119.88999938964844, 18.795724868774414, 0.0, 0.0, 1.0596473217010498, 0.0, 1, 0, 2, [(1, 1, 3, 6, 3, 119.88999938964844, 18.795724868774414), (0, 0, 0, 0, 0, 0.0, 0.0), (0, 0, 0, 0, 0, 0.0, 0.0), (0, 0, 0, 0, 0, 0.0, 0.0)])]
[ (3, 3, 1, 119.88999938964844, 18.795724868774414, 0.0, 0.0, 1.0596473217010498, 0.0, 1, 0, 2, [(1, 1, 3, 6, 3, 119.88999938964844, 18.795724868774414), (0, 0, 0, 0, 0, 0.0, 0.0), (0, 0, 0, 0, 0, 0.0, 0.0), (0, 0, 0, 0, 0, 0.0, 0.0)])]
[ (3, 3, 1, 119.88999938964844, 18.795724868774414, 0.0, 0.0, 1.0596473217010498, 0.0, 1, 0, 2, [(1, 1, 3, 6, 3, 119.88999938964844, 18.795724868774414), (0, 0, 0, 0, 0, 0.0, 0.0), (0, 0, 0, 0, 0, 0.0, 0.0), (0, 0, 0, 0, 0, 0.0, 0.0)])]
[ (3, 3, 1, 119.88999938964844, 18.795724868774414, 0.0, 0.0, 1.0596473217010498, 0.0, 1, 0, 2, [(1, 1, 3, 6, 3, 119.88999938964844, 18.795724868774414), (0, 0, 0, 0, 0, 0.0, 0.0), (0, 0, 0, 0, 0, 0.0, 0.0), (0, 0, 0, 0, 0, 0.0, 0.0)])]
[ (3, 3, 1, 119.88999938964844, 18.795724868774414, 0.0, 0.0, 1.0596473217010498, 0.0, 1, 0, 2, [(1, 1, 3, 6, 3, 119.88999938964844, 18.795724868774414), (0, 0, 0, 0, 0, 0.0, 0.0), (0, 0, 0, 0, 0, 0.0, 0.0), (0, 0, 0, 0, 0, 0.0, 0.0)])]
[ (3, 3, 1, 119.88999938964844, 18.795724868774414, 0.0, 0.0, 1.0596473217010498, 0.0, 1, 0, 2, [(1, 1, 3, 6, 3, 119.88999938964844, 18.795724868774414), (0, 0, 0, 0, 0, 0.0, 0.0), (0, 0, 0, 0, 0, 0.0, 0.0), (0, 0, 0, 0, 0, 0.0, 0.0)])]
[ (3, 3, 1, 119.88999938964844, 18.795724868774414, 0.0, 0.0, 1.0596473217010498, 0.0, 1, 0, 2, [(1, 1, 3, 6, 3, 119.88999938964844, 18.795724868774414), (0, 0, 0, 0, 0, 0.0, 0.0), (0, 0, 0, 0, 0, 0.0, 0.0), (0, 0, 0, 0, 0, 0.0, 0.0)])]
[ (3, 3, 1, 119.88999938964844, 18.795724868774414, 0.0, 0.0, 1.0596473217010498, 0.0, 1, 0, 2, [(1, 1, 3, 6, 3, 119.88999938964844, 18.795724868774414), (0, 0, 0, 0, 0, 0.0, 0.0), (0, 0, 0, 0, 0, 0.0, 0.0), (0, 0, 0, 0, 0, 0.0, 0.0)])]
[ (3, 3, 1, 119.88999938964844, 18.795724868774414, 0.0, 0.0, 1.0596473217010498, 0.0, 1, 0, 2, [(1, 1, 3, 6, 3, 119.88999938964844, 18.795724868774414), (0, 0, 0, 0, 0, 0.0, 0.0), (0, 0, 0, 0, 0, 0.0, 0.0), (0, 0, 0, 0, 0, 0.0, 0.0)])]
[ (3, 3, 1, 119.88999938964844, 18.795724868774414, 0.0, 0.0, 1.0596473217010498, 0.0, 1, 0, 2, [(1, 1, 3, 6, 3, 119.88999938964844, 18.795724868774414), (0, 0, 0, 0, 0, 0.0, 0.0), (0, 0, 0, 0, 0, 0.0, 0.0), (0, 0, 0, 0, 0, 0.0, 0.0)])]
[ (3, 3, 1, 119.88999938964844, 18.795724868774414, 0.0, 0.0, 1.0596473217010498, 0.0, 1, 0, 2, [(1, 1, 3, 6, 3, 119.88999938964844, 18.795724868774414), (0, 0, 0, 0, 0, 0.0, 0.0), (0, 0, 0, 0, 0, 0.0, 0.0), (0, 0, 0, 0, 0, 0.0, 0.0)])]
[ (3, 3, 1, 119.88999938964844, 18.795724868774414, 0.0, 0.0, 1.0596473217010498, 0.0, 1, 0, 2, [(1, 1, 3, 6, 3, 119.88999938964844, 18.795724868774414), (0, 0, 0, 0, 0, 0.0, 0.0), (0, 0, 0, 0, 0, 0.0, 0.0), (0, 0, 0, 0, 0, 0.0, 0.0)])]
[ (3, 3, 1, 119.88999938964844, 18.795724868774414, 0.0, 0.0, 1.0596473217010498, 0.0, 1, 0, 2, [(1, 1, 3, 6, 3, 119.88999938964844, 18.795724868774414), (0, 0, 0, 0, 0, 0.0, 0.0), (0, 0, 0, 0, 0, 0.0, 0.0), (0, 0, 0, 0, 0, 0.0, 0.0)])]
[ (3, 3, 1, 119.88999938964844, 18.795724868774414, 0.0, 0.0, 1.0596473217010498, 0.0, 1, 0, 2, [(1, 1, 3, 6, 3, 119.88999938964844, 18.795724868774414), (0, 0, 0, 0, 0, 0.0, 0.0), (0, 0, 0, 0, 0, 0.0, 0.0), (0, 0, 0, 0, 0, 0.0, 0.0)])]
