[ (4, 1, 1, 0.0, 0.0, 30.0, 30.0, 1.018323302268982, -4.775936126708984, 3, 0, 255, [(0, 1, 1, 4, 0, -151.5660400390625, -13.772321701049805), (1, 1, 4, 5, 1, 47.994895935058594, -13.057869911193848), (0, 1, 9, 4, 8, 73.5711441040039, -3.1698079109191895), (0, 0, 0, 0, 0, 0.0, 0.0)])]
[ (4, 1, 1, 0.0, 0.0, 30.0, 30.0, 1.018323302268982, -4.775936126708984, 3, 0, 255, [(0, 1, 1, 4, 0, -151.5660400390625, -13.772321701049805), (1, 1, 4, 5, 1, 47.994895935058594, -13.057869911193848), (0, 1, 9, 4, 8, 73.5711441040039, -3.1698079109191895), (0, 0, 0, 0, 0, 0.0, 0.0)])]
[ (4, 1, 1, 0.0, 0.0, 30.0, 30.0, 1.018323302268982, -4.775936126708984, 3, 0, 255, [(0, 1, 1, 4, 0, -151.5660400390625, -13.772321701049805), (1, 1, 4, 5, 1, 47.994895935058594, -13.057869911193848), (0, 1, 9, 4, 8, 73.5711441040039, -3.1698079109191895), (0, 0, 0, 0, 0, 0.0, 0.0)])]
[ (4, 1, 1, 0.0, 0.0, 30.0, 30.0, 1.018323302268982, -4.775936126708984, 3, 0, 255, [(0, 1, 1, 4, 0, -151.5660400390625, -13.772321701049805), (1, 1, 4, 5, 1, 47.994895935058594, -13.057869911193848), (0, 1, 9, 4, 8, 73.5711441040039, -3.1698079109191895), (0, 0, 0, 0, 0, 0.0, 0.0)])]
[ (4, 1, 1, 0.0, 0.0, 30.0, 30.0, 1.018323302268982, -4.775936126708984, 3, 0, 255, [(0, 1, 1, 4, 0, -151.5660400390625, -13.772321701049805), (1, 1, 4, 5, 1, 47.994895935058594, -13.057869911193848), (0, 1, 9, 4, 8, 73.5711441040039, -3.1698079109191895), (0, 0, 0, 0, 0, 0.0, 0.0)])]
[ (4, 1, 1, 0.0, 0.0, 30.0, 30.0, 1.018323302268982, -4.775936126708984, 3, 0, 255, [(0, 1, 1, 4, 0, -151.5660400390625, -13.772321701049805), (1, 1, 4, 5, 1, 47.994895935058594, -13.057869911193848), (0, 1, 9, 4, 8, 73.5711441040039, -3.1698079109191895), (0, 0, 0, 0, 0, 0.0, 0.0)])]
[ (4, 1, 1, 0.0, 0.0, 30.0, 30.0, 1.018323302268982, -4.775936126708984, 3, 0, 255, [(0, 1, 1, 4, 0, -151.5660400390625, -13.772321701049805), (1, 1, 4, 5, 1, 47.994895935058594, -13.057869911193848), (0, 1, 9, 4, 8, 73.5711441040039, -3.1698079109191895), (0, 0, 0, 0, 0, 0.0, 0.0)])]
[ (4, 1, 1, 0.0, 0.0, 30.0, 30.0, 1.018323302268982, -4.775936126708984, 3, 0, 255, [(0, 1, 1, 4, 0, -151.5660400390625, -13.772321701049805), (1, 1, 4, 5, 1, 47.994895935058594, -13.057869911193848), (0, 1, 9, 4, 8, 73.5711441040039, -3.1698079109191895), (0, 0, 0, 0, 0, 0.0, 0.0)])]
[ (4, 1, 1, 0.0, 0.0, 30.0, 30.0, 1.018323302268982, -4.775936126708984, 3, 0, 255, [(0, 1, 1, 4, 0, -151.5660400390625, -13.772321701049805), (1, 1, 4, 5, 1, 47.994895935058594, -13.057869911193848), (0, 1, 9, 4, 8, 73.5711441040039, -3.1698079109191895), (0, 0, 0, 0, 0, 0.0, 0.0)])]
[ (4, 1, 1, 0.0, 0.0, 30.0, 30.0, 1.018323302268982, -4.775936126708984, 3, 0, 255, [(0, 1, 1, 4, 0, -151.5660400390625, -13.772321701049805), (1, 1, 4, 5, 1, 47.994895935058594, -13.057869911193848), (0, 1, 9, 4, 8, 73.5711441040039, -3.1698079109191895), (0, 0, 0, 0, 0, 0.0, 0.0)])]
[ (4, 1, 1, 0.0, 0.0, 30.0, 30.0, 1.018323302268982, -4.775936126708984, 3, 0, 255, [(0, 1, 1, 4, 0, -151.5660400390625, -13.772321701049805), (1, 1, 4, 5, 1, 47.994895935058594, -13.057869911193848), (0, 1, 9, 4, 8, 73.5711441040039, -3.1698079109191895), (0, 0, 0, 0, 0, 0.0, 0.0)])]
[ (4, 1, 1, 0.0, 0.0, 30.0, 30.0, 1.018323302268982, -4.775936126708984, 3, 0, 255, [(0, 1, 1, 4, 0, -151.5660400390625, -13.772321701049805), (1, 1, 4, 5, 1, 47.994895935058594, -13.057869911193848), (0, 1, 9, 4, 8, 73.5711441040039, -3.1698079109191895), (0, 0, 0, 0, 0, 0.0, 0.0)])]
[ (4, 1, 1, 0.0, 0.0, 30.0, 30.0, 1.018323302268982, -4.775936126708984, 3, 0, 255, [(0, 1, 1, 4, 0, -151.5660400390625, -13.772321701049805), (1, 1, 4, 5, 1, 47.994895935058594, -13.057869911193848), (0, 1, 9, 4, 8, 73.5711441040039, -3.1698079109191895), (0, 0, 0, 0, 0, 0.0, 0.0)])]
[ (4, 1, 1, 0.0, 0.0, 30.0, 30.0, 1.018323302268982, -4.775936126708984, 3, 0, 255, [(0, 1, 1, 4, 0, -151.5660400390625, -13.772321701049805), (1, 1, 4, 5, 1, 47.994895935058594, -13.057869911193848), (0, 1, 9, 4, 8, 73.5711441040039, -3.1698079109191895), (0, 0, 0, 0, 0, 0.0, 0.0)])]
[ (4, 1, 1, 0.0, 0.0, 30.0, 30.0, 1.018323302268982, -4.775936126708984, 3, 0, 255, [(0, 1, 1, 4, 0, -151.5660400390625, -13.772321701049805), (1, 1, 4, 5, 1, 47.994895935058594, -13.057869911193848), (0, 1, 9, 4, 8, 73.5711441040039, -3.1698079109191895), (0, 0, 0, 0, 0, 0.0, 0.0)])]
