[ (5, 1, 1, 0.0, 0.0, 90.0, 30.0, 1.0156679153442383, -7.26861047744751, 2, 0, 255, [(0, 1, 4, 5, 1, -47.61338424682617, -1.2191274166107178), (1, 1, 5, 6, 2, -42.38661575317383, -28.780872344970703), (0, 0, 0, 0, 0, 0.0, 0.0), (0, 0, 0, 0, 0, 0.0, 0.0)])]
[ (5, 1, 1, 0.0, 0.0, 90.0, 30.0, 1.0156679153442383, -7.26861047744751, 2, 0, 255, [(0, 1, 4, 5, 1, -47.61338424682617, -1.2191274166107178), (1, 1, 5, 6, 2, -42.38661575317383, -28.780872344970703), (0, 0, 0, 0, 0, 0.0, 0.0), (0, 0, 0, 0, 0, 0.0, 0.0)])]
[ (5, 1, 1, 0.0, 0.0, 90.0, 30.0, 1.0156679153442383, -7.26861047744751, 2, 0, 255, [(0, 1, 4, 5, 1, -47.61338424682617, -1.2191274166107178), (1, 1, 5, 6, 2, -42.38661575317383, -28.780872344970703), (0, 0, 0, 0, 0, 0.0, 0.0), (0, 0, 0, 0, 0, 0.0, 0.0)])]
[ (5, 1, 1, 0.0, 0.0, 90.0, 30.0, 1.0156679153442383, -7.26861047744751, 2, 0, 255, [(0, 1, 4, 5, 1, -47.61338424682617, -1.2191274166107178), (1, 1, 5, 6, 2, -42.38661575317383, -28.780872344970703), (0, 0, 0, 0, 0, 0.0, 0.0), (0, 0, 0, 0, 0, 0.0, 0.0)])]
[ (5, 1, 1, 0.0, 0.0, 90.0, 30.0, 1.0156679153442383, -7.26861047744751, 2, 0, 255, [(0, 1, 4, 5, 1, -47.61338424682617, -1.2191274166107178), (1, 1, 5, 6, 2, -42.38661575317383, -28.780872344970703), (0, 0, 0, 0, 0, 0.0, 0.0), (0, 0, 0, 0, 0, 0.0, 0.0)])]
[ (5, 1, 1, 0.0, 0.0, 90.0, 30.0, 1.0156679153442383, -7.26861047744751, 2, 0, 255, [(0, 1, 4, 5, 1, -47.61338424682617, -1.2191274166107178), (1, 1, 5, 6, 2, -42.38661575317383, -28.780872344970703), (0, 0, 0, 0, 0, 0.0, 0.0), (0, 0, 0, 0, 0, 0.0, 0.0)])]
[ (5, 1, 1, 0.0, 0.0, 90.0, 30.0, 1.0156679153442383, -7.26861047744751, 2, 0, 255, [(0, 1, 4, 5, 1, -47.61338424682617, -1.2191274166107178), (1, 1, 5, 6, 2, -42.38661575317383, -28.780872344970703), (0, 0, 0, 0, 0, 0.0, 0.0), (0, 0, 0, 0, 0, 0.0, 0.0)])]
[ (5, 1, 1, 0.0, 0.0, 90.0, 30.0, 1.0156679153442383, -7.26861047744751, 2, 0, 255, [(0, 1, 4, 5, 1, -47.61338424682617, -1.2191274166107178), (1, 1, 5, 6, 2, -42.38661575317383, -28.780872344970703), (0, 0, 0, 0, 0, 0.0, 0.0), (0, 0, 0, 0, 0, 0.0, 0.0)])]
[ (5, 1, 1, 0.0, 0.0, 90.0, 30.0, 1.0156679153442383, -7.26861047744751, 2, 0, 255, [(0, 1, 4, 5, 1, -47.61338424682617, -1.2191274166107178), (1, 1, 5, 6, 2, -42.38661575317383, -28.780872344970703), (0, 0, 0, 0, 0, 0.0, 0.0), (0, 0, 0, 0, 0, 0.0, 0.0)])]
[ (5, 1, 1, 0.0, 0.0, 90.0, 30.0, 1.0156679153442383, -7.26861047744751, 2, 0, 255, [(0, 1, 4, 5, 1, -47.61338424682617, -1.2191274166107178), (1, 1, 5, 6, 2, -42.38661575317383, -28.780872344970703), (0, 0, 0, 0, 0, 0.0, 0.0), (0, 0, 0, 0, 0, 0.0, 0.0)])]
[ (5, 1, 1, 0.0, 0.0, 90.0, 30.0, 1.0156679153442383, -7.26861047744751, 2, 0, 255, [(0, 1, 4, 5, 1, -47.61338424682617, -1.2191274166107178), (1, 1, 5, 6, 2, -42.38661575317383, -28.780872344970703), (0, 0, 0, 0, 0, 0.0, 0.0), (0, 0, 0, 0, 0, 0.0, 0.0)])]
[ (5, 1, 1, 0.0, 0.0, 90.0, 30.0, 1.0156679153442383, -7.26861047744751, 2, 0, 255, [(0, 1, 4, 5, 1, -47.61338424682617, -1.2191274166107178), (1, 1, 5, 6, 2, -42.38661575317383, -28.780872344970703), (0, 0, 0, 0, 0, 0.0, 0.0), (0, 0, 0, 0, 0, 0.0, 0.0)])]
[ (5, 1, 1, 0.0, 0.0, 90.0, 30.0, 1.0156679153442383, -7.26861047744751, 2, 0, 255, [(0, 1, 4, 5, 1, -47.61338424682617, -1.2191274166107178), (1, 1, 5, 6, 2, -42.38661575317383, -28.780872344970703), (0, 0, 0, 0, 0, 0.0, 0.0), (0, 0, 0, 0, 0, 0.0, 0.0)])]
[ (5, 1, 1, 0.0, 0.0, 90.0, 30.0, 1.0156679153442383, -7.26861047744751, 2, 0, 255, [(0, 1, 4, 5, 1, -47.61338424682617, -1.2191274166107178), (1, 1, 5, 6, 2, -42.38661575317383, -28.780872344970703), (0, 0, 0, 0, 0, 0.0, 0.0), (0, 0, 0, 0, 0, 0.0, 0.0)])]
[ (5, 1, 1, 0.0, 0.0, 90.0, 30.0, 1.0156679153442383, -7.26861047744751, 2, 0, 255, [(0, 1, 4, 5, 1, -47.61338424682617, -1.2191274166107178), (1, 1, 5, 6, 2, -42.38661575317383, -28.780872344970703), (0, 0, 0, 0, 0, 0.0, 0.0), (0, 0, 0, 0, 0, 0.0, 0.0)])]
