[ (6, 1, 1, 0.0, 0.0, 30.0, 30.0, 1.051345705986023, -3.6156351566314697, 3, 0, 255, [(0, 1, 5, 6, 2, 43.1060791015625, -6.333680152893066), (0, 1, 3, 6, 3, -119.88999938964844, -11.109979629516602), (1, 1, 6, 7, 4, 46.78392028808594, -12.556339263916016), (0, 0, 0, 0, 0, 0.0, 0.0)])]
[ (6, 1, 1, 0.0, 0.0, 30.0, 30.0, 1.051345705986023, -3.6156351566314697, 3, 0, 255, [(0, 1, 5, 6, 2, 43.1060791015625, -6.333680152893066), (0, 1, 3, 6, 3, -119.88999938964844, -11.109979629516602), (1, 1, 6, 7, 4, 46.78392028808594, -12.556339263916016), (0, 0, 0, 0, 0, 0.0, 0.0)])]
[ (6, 1, 1, 0.0, 0.0, 30.0, 30.0, 1.051345705986023, -3.6156351566314697, 3, 0, 255, [(0, 1, 5, 6, 2, 43.1060791015625, -6.333680152893066), (0, 1, 3, 6, 3, -119.88999938964844, -11.109979629516602), (1, 1, 6, 7, 4, 46.78392028808594, -12.556339263916016), (0, 0, 0, 0, 0, 0.0, 0.0)])]
[ (6, 1, 1, 0.0, 0.0, 30.0, 30.0, 1.051345705986023, -3.6156351566314697, 3, 0, 255, [(0, 1, 5, 6, 2, 43.1060791015625, -6.333680152893066), (0, 1, 3, 6, 3, -119.88999938964844, -11.109979629516602), (1, 1, 6, 7, 4, 46.78392028808594, -12.556339263916016), (0, 0, 0, 0, 0, 0.0, 0.0)])]
[ (6, 1, 1, 0.0, 0.0, 30.0, 30.0, 1.051345705986023, -3.6156351566314697, 3, 0, 255, [(0, 1, 5, 6, 2, 43.1060791015625, -6.333680152893066), (0, 1, 3, 6, 3, -119.88999938964844, -11.109979629516602), (1, 1, 6, 7, 4, 46.78392028808594, -12.556339263916016), (0, 0, 0, 0, 0, 0.0, 0.0)])]
[ (6, 1, 1, 0.0, 0.0, 30.0, 30.0, 1.051345705986023, -3.6156351566314697, 3, 0, 255, [(0, 1, 5, 6, 2, 43.1060791015625, -6.333680152893066), (0, 1, 3, 6, 3, -119.88999938964844, -11.109979629516602), (1, 1, 6, 7, 4, 46.78392028808594, -12.556339263916016), (0, 0, 0, 0, 0, 0.0, 0.0)])]
[ (6, 1, 1, 0.0, 0.0, 30.0, 30.0, 1.051345705986023, -3.6156351566314697, 3, 0, 255, [(0, 1, 5, 6, 2, 43.1060791015625, -6.333680152893066), (0, 1, 3, 6, 3, -119.88999938964844, -11.109979629516602), (1, 1, 6, 7, 4, 46.78392028808594, -12.556339263916016), (0, 0, 0, 0, 0, 0.0, 0.0)])]
[ (6, 1, 1, 0.0, 0.0, 30.0, 30.0, 1.051345705986023, -3.6156351566314697, 3, 0, 255, [(0, 1, 5, 6, 2, 43.1060791015625, -6.333680152893066), (0, 1, 3, 6, 3, -119.88999938964844, -11.109979629516602), (1, 1, 6, 7, 4, 46.78392028808594, -12.556339263916016), (0, 0, 0, 0, 0, 0.0, 0.0)])]
[ (6, 1, 1, 0.0, 0.0, 30.0, 30.0, 1.051345705986023, -3.6156351566314697, 3, 0, 255, [(0, 1, 5, 6, 2, 43.1060791015625, -6.333680152893066), (0, 1, 3, 6, 3, -119.88999938964844, -11.109979629516602), (1, 1, 6, 7, 4, 46.78392028808594, -12.556339263916016), (0, 0, 0, 0, 0, 0.0, 0.0)])]
[ (6, 1, 1, 0.0, 0.0, 30.0, 30.0, 1.051345705986023, -3.6156351566314697, 3, 0, 255, [(0, 1, 5, 6, 2, 43.1060791015625, -6.333680152893066), (0, 1, 3, 6, 3, -119.88999938964844, -11.109979629516602), (1, 1, 6, 7, 4, 46.78392028808594, -12.556339263916016), (0, 0, 0, 0, 0, 0.0, 0.0)])]
[ (6, 1, 1, 0.0, 0.0, 30.0, 30.0, 1.051345705986023, -3.6156351566314697, 3, 0, 255, [(0, 1, 5, 6, 2, 43.1060791015625, -6.333680152893066), (0, 1, 3, 6, 3, -119.88999938964844, -11.109979629516602), (1, 1, 6, 7, 4, 46.78392028808594, -12.556339263916016), (0, 0, 0, 0, 0, 0.0, 0.0)])]
[ (6, 1, 1, 0.0, 0.0, 30.0, 30.0, 1.051345705986023, -3.6156351566314697, 3, 0, 255, [(0, 1, 5, 6, 2, 43.1060791015625, -6.333680152893066), (0, 1, 3, 6, 3, -119.88999938964844, -11.109979629516602), (1, 1, 6, 7, 4, 46.78392028808594, -12.556339263916016), (0, 0, 0, 0, 0, 0.0, 0.0)])]
[ (6, 1, 1, 0.0, 0.0, 30.0, 30.0, 1.051345705986023, -3.6156351566314697, 3, 0, 255, [(0, 1, 5, 6, 2, 43.1060791015625, -6.333680152893066), (0, 1, 3, 6, 3, -119.88999938964844, -11.109979629516602), (1, 1, 6, 7, 4, 46.78392028808594, -12.556339263916016), (0, 0, 0, 0, 0, 0.0, 0.0)])]
[ (6, 1, 1, 0.0, 0.0, 30.0, 30.0, 1.051345705986023, -3.6156351566314697, 3, 0, 255, [(0, 1, 5, 6, 2, 43.1060791015625, -6.333680152893066), (0, 1, 3, 6, 3, -119.88999938964844, -11.109979629516602), (1, 1, 6, 7, 4, 46.78392028808594, -12.556339263916016), (0, 0, 0, 0, 0, 0.0, 0.0)])]
[ (6, 1, 1, 0.0, 0.0, 30.0, 30.0, 1.051345705986023, -3.6156351566314697, 3, 0, 255, [(0, 1, 5, 6, 2, 43.1060791015625, -6.333680152893066), (0, 1, 3, 6, 3, -119.88999938964844, -11.109979629516602), (1, 1, 6, 7, 4, 46.78392028808594, -12.556339263916016), (0, 0, 0, 0, 0, 0.0, 0.0)])]
[ (6, 1, 1, 0.0, 0.0, 30.0, 30.0, 1.051345705986023, -3.6156351566314697, 3, 0, 255, [(0, 1, 5, 6, 2, 43.1060791015625, -6.333680152893066), (0, 1, 3, 6, 3, -119.88999938964844, -11.109979629516602), (1, 1, 6, 7, 4, 46.78392028808594, -12.556339263916016), (0, 0, 0, 0, 0, 0.0, 0.0)])]
[ (6, 1, 1, 0.0, 0.0, 30.0, 30.0, 1.051345705986023, -3.6156351566314697, 3, 0, 255, [(0, 1, 5, 6, 2, 43.1060791015625, -6.333680152893066), (0, 1, 3, 6, 3, -119.88999938964844, -11.109979629516602), (1, 1, 6, 7, 4, 46.78392028808594, -12.556339263916016), (0, 0, 0, 0, 0, 0.0, 0.0)])]
[ (6, 1, 1, 0.0, 0.0, 30.0, 30.0, 1.051345705986023, -3.6156351566314697, 3, 0, 255, [(0, 1, 5, 6, 2, 43.1060791015625, -6.333680152893066), (0, 1, 3, 6, 3, -119.88999938964844, -11.109979629516602), (1, 1, 6, 7, 4, 46.78392028808594, -12.556339263916016), (0, 0, 0, 0, 0, 0.0, 0.0)])]
[ (6, 1, 1, 0.0, 0.0, 30.0, 30.0, 1.051345705986023, -3.6156351566314697, 3, 0, 255, [(0, 1, 5, 6, 2, 43.1060791015625, -6.333680152893066), (0, 1, 3, 6, 3, -119.88999938964844, -11.109979629516602), (1, 1, 6, 7, 4, 46.78392028808594, -12.556339263916016), (0, 0, 0, 0, 0, 0.0, 0.0)])]
[ (6, 1, 1, 0.0, 0.0, 30.0, 30.0, 1.051345705986023, -3.6156351566314697, 3, 0, 255, [(0, 1, 5, 6, 2, 43.1060791015625, -6.333680152893066), (0, 1, 3, 6, 3, -119.88999938964844, -11.109979629516602), (1, 1, 6, 7, 4, 46.78392028808594, -12.556339263916016), (0, 0, 0, 0, 0, 0.0, 0.0)])]
[ (6, 1, 1, 0.0, 0.0, 30.0, 30.0, 1.051345705986023, -3.6156351566314697, 3, 0, 255, [(0, 1, 5, 6, 2, 43.1060791015625, -6.333680152893066), (0, 1, 3, 6, 3, -119.88999938964844, -11.109979629516602), (1, 1, 6, 7, 4, 46.78392028808594, -12.556339263916016), (0, 0, 0, 0, 0, 0.0, 0.0)])]
[ (6, 1, 1, 0.0, 0.0, 30.0, 30.0, 1.051345705986023, -3.6156351566314697, 3, 0, 255, [(0, 1, 5, 6, 2, 43.1060791015625, -6.333680152893066), (0, 1, 3, 6, 3, -119.88999938964844, -11.109979629516602), (1, 1, 6, 7, 4, 46.78392028808594, -12.556339263916016), (0, 0, 0, 0, 0, 0.0, 0.0)])]
[ (6, 1, 1, 0.0, 0.0, 30.0, 30.0, 1.051345705986023, -3.6156351566314697, 3, 0, 255, [(0, 1, 5, 6, 2, 43.1060791015625, -6.333680152893066), (0, 1, 3, 6, 3, -119.88999938964844, -11.109979629516602), (1, 1, 6, 7, 4, 46.78392028808594, -12.556339263916016), (0, 0, 0, 0, 0, 0.0, 0.0)])]
[ (6, 1, 1, 0.0, 0.0, 30.0, 30.0, 1.051345705986023, -3.6156351566314697, 3, 0, 255, [(0, 1, 5, 6, 2, 43.1060791015625, -6.333680152893066), (0, 1, 3, 6, 3, -119.88999938964844, -11.109979629516602), (1, 1, 6, 7, 4, 46.78392028808594, -12.556339263916016), (0, 0, 0, 0, 0, 0.0, 0.0)])]
[ (6, 1, 1, 0.0, 0.0, 30.0, 30.0, 1.051345705986023, -3.6156351566314697, 3, 0, 255, [(0, 1, 5, 6, 2, 43.1060791015625, -6.333680152893066), (0, 1, 3, 6, 3, -119.88999938964844, -11.109979629516602), (1, 1, 6, 7, 4, 46.78392028808594, -12.556339263916016), (0, 0, 0, 0, 0, 0.0, 0.0)])]
[ (6, 1, 1, 0.0, 0.0, 30.0, 30.0, 1.051345705986023, -3.6156351566314697, 3, 0, 255, [(0, 1, 5, 6, 2, 43.1060791015625, -6.333680152893066), (0, 1, 3, 6, 3, -119.88999938964844, -11.109979629516602), (1, 1, 6, 7, 4, 46.78392028808594, -12.556339263916016), (0, 0, 0, 0, 0, 0.0, 0.0)])]
[ (6, 1, 1, 0.0, 0.0, 30.0, 30.0, 1.051345705986023, -3.6156351566314697, 3, 0, 255, [(0, 1, 5, 6, 2, 43.1060791015625, -6.333680152893066), (0, 1, 3, 6, 3, -119.88999938964844, -11.109979629516602), (1, 1, 6, 7, 4, 46.78392028808594, -12.556339263916016), (0, 0, 0, 0, 0, 0.0, 0.0)])]
[ (6, 1, 1, 0.0, 0.0, 30.0, 30.0, 1.051345705986023, -3.6156351566314697, 3, 0, 255, [(0, 1, 5, 6, 2, 43.1060791015625, -6.333680152893066), (0, 1, 3, 6, 3, -119.88999938964844, -11.109979629516602), (1, 1, 6, 7, 4, 46.78392028808594, -12.556339263916016), (0, 0, 0, 0, 0, 0.0, 0.0)])]
[ (6, 1, 1, 0.0, 0.0, 30.0, 30.0, 1.051345705986023, -3.6156351566314697, 3, 0, 255, [(0, 1, 5, 6, 2, 43.1060791015625, -6.333680152893066), (0, 1, 3, 6, 3, -119.88999938964844, -11.109979629516602), (1, 1, 6, 7, 4, 46.78392028808594, -12.556339263916016), (0, 0, 0, 0, 0, 0.0, 0.0)])]
[ (6, 1, 1, 0.0, 0.0, 30.0, 30.0, 1.051345705986023, -3.6156351566314697, 3, 0, 255, [(0, 1, 5, 6, 2, 43.1060791015625, -6.333680152893066), (0, 1, 3, 6, 3, -119.88999938964844, -11.109979629516602), (1, 1, 6, 7, 4, 46.78392028808594, -12.556339263916016), (0, 0, 0, 0, 0, 0.0, 0.0)])]
[ (6, 1, 1, 0.0, 0.0, 30.0, 30.0, 1.051345705986023, -3.6156351566314697, 3, 0, 255, [(0, 1, 5, 6, 2, 43.1060791015625, -6.333680152893066), (0, 1, 3, 6, 3, -119.88999938964844, -11.109979629516602), (1, 1, 6, 7, 4, 46.78392028808594, -12.556339263916016), (0, 0, 0, 0, 0, 0.0, 0.0)])]
[ (6, 1, 1, 0.0, 0.0, 30.0, 30.0, 1.051345705986023, -3.6156351566314697, 3, 0, 255, [(0, 1, 5, 6, 2, 43.1060791015625, -6.333680152893066), (0, 1, 3, 6, 3, -119.88999938964844, -11.109979629516602), (1, 1, 6, 7, 4, 46.78392028808594, -12.556339263916016), (0, 0, 0, 0, 0, 0.0, 0.0)])]
[ (6, 1, 1, 0.0, 0.0, 30.0, 30.0, 1.051345705986023, -3.6156351566314697, 3, 0, 255, [(0, 1, 5, 6, 2, 43.1060791015625, -6.333680152893066), (0, 1, 3, 6, 3, -119.88999938964844, -11.109979629516602), (1, 1, 6, 7, 4, 46.78392028808594, -12.556339263916016), (0, 0, 0, 0, 0, 0.0, 0.0)])]
[ (6, 1, 1, 0.0, 0.0, 30.0, 30.0, 1.051345705986023, -3.6156351566314697, 3, 0, 255, [(0, 1, 5, 6, 2, 43.1060791015625, -6.333680152893066), (0, 1, 3, 6, 3, -119.88999938964844, -11.109979629516602), (1, 1, 6, 7, 4, 46.78392028808594, -12.556339263916016), (0, 0, 0, 0, 0, 0.0, 0.0)])]
[ (6, 1, 1, 0.0, 0.0, 30.0, 30.0, 1.051345705986023, -3.6156351566314697, 3, 0, 255, [(0, 1, 5, 6, 2, 43.1060791015625, -6.333680152893066), (0, 1, 3, 6, 3, -119.88999938964844, -11.109979629516602), (1, 1, 6, 7, 4, 46.78392028808594, -12.556339263916016), (0, 0, 0, 0, 0, 0.0, 0.0)])]
[ (6, 1, 1, 0.0, 0.0, 30.0, 30.0, 1.051345705986023, -3.6156351566314697, 3, 0, 255, [(0, 1, 5, 6, 2, 43.1060791015625, -6.333680152893066), (0, 1, 3, 6, 3, -119.88999938964844, -11.109979629516602), (1, 1, 6, 7, 4, 46.78392028808594, -12.556339263916016), (0, 0, 0, 0, 0, 0.0, 0.0)])]
[ (6, 1, 1, 0.0, 0.0, 30.0, 30.0, 1.051345705986023, -3.6156351566314697, 3, 0, 255, [(0, 1, 5, 6, 2, 43.1060791015625, -6.333680152893066), (0, 1, 3, 6, 3, -119.88999938964844, -11.109979629516602), (1, 1, 6, 7, 4, 46.78392028808594, -12.556339263916016), (0, 0, 0, 0, 0, 0.0, 0.0)])]
[ (6, 1, 1, 0.0, 0.0, 30.0, 30.0, 1.051345705986023, -3.6156351566314697, 3, 0, 255, [(0, 1, 5, 6, 2, 43.1060791015625, -6.333680152893066), (0, 1, 3, 6, 3, -119.88999938964844, -11.109979629516602), (1, 1, 6, 7, 4, 46.78392028808594, -12.556339263916016), (0, 0, 0, 0, 0, 0.0, 0.0)])]
[ (6, 1, 1, 0.0, 0.0, 30.0, 30.0, 1.051345705986023, -3.6156351566314697, 3, 0, 255, [(0, 1, 5, 6, 2, 43.1060791015625, -6.333680152893066), (0, 1, 3, 6, 3, -119.88999938964844, -11.109979629516602), (1, 1, 6, 7, 4, 46.78392028808594, -12.556339263916016), (0, 0, 0, 0, 0, 0.0, 0.0)])]
