[ (7, 1, 1, 0.0, 0.0, 100.0, 35.0, 1.047979712486267, -6.074957370758057, 2, 0, 255, [(0, 1, 6, 7, 4, -46.54817199707031, -8.474236488342285), (1, 1, 7, 8, 5, -53.45182800292969, -26.5257625579834), (0, 0, 0, 0, 0, 0.0, 0.0), (0, 0, 0, 0, 0, 0.0, 0.0)])]
[ (7, 1, 1, 0.0, 0.0, 100.0, 35.0, 1.047979712486267, -6.074957370758057, 2, 0, 255, [(0, 1, 6, 7, 4, -46.54817199707031, -8.474236488342285), (1, 1, 7, 8, 5, -53.45182800292969, -26.5257625579834), (0, 0, 0, 0, 0, 0.0, 0.0), (0, 0, 0, 0, 0, 0.0, 0.0)])]
[ (7, 1, 1, 0.0, 0.0, 100.0, 35.0, 1.047979712486267, -6.074957370758057, 2, 0, 255, [(0, 1, 6, 7, 4, -46.54817199707031, -8.474236488342285), (1, 1, 7, 8, 5, -53.45182800292969, -26.5257625579834), (0, 0, 0, 0, 0, 0.0, 0.0), (0, 0, 0, 0, 0, 0.0, 0.0)])]
[ (7, 1, 1, 0.0, 0.0, 100.0, 35.0, 1.047979712486267, -6.074957370758057, 2, 0, 255, [(0, 1, 6, 7, 4, -46.54817199707031, -8.474236488342285), (1, 1, 7, 8, 5, -53.45182800292969, -26.5257625579834), (0, 0, 0, 0, 0, 0.0, 0.0), (0, 0, 0, 0, 0, 0.0, 0.0)])]
[ (7, 1, 1, 0.0, 0.0, 100.0, 35.0, 1.047979712486267, -6.074957370758057, 2, 0, 255, [(0, 1, 6, 7, 4, -46.54817199707031, -8.474236488342285), (1, 1, 7, 8, 5, -53.45182800292969, -26.5257625579834), (0, 0, 0, 0, 0, 0.0, 0.0), (0, 0, 0, 0, 0, 0.0, 0.0)])]
[ (7, 1, 1, 0.0, 0.0, 100.0, 35.0, 1.047979712486267, -6.074957370758057, 2, 0, 255, [(0, 1, 6, 7, 4, -46.54817199707031, -8.474236488342285), (1, 1, 7, 8, 5, -53.45182800292969, -26.5257625579834), (0, 0, 0, 0, 0, 0.0, 0.0), (0, 0, 0, 0, 0, 0.0, 0.0)])]
[ (7, 1, 1, 0.0, 0.0, 100.0, 35.0, 1.047979712486267, -6.074957370758057, 2, 0, 255, [(0, 1, 6, 7, 4, -46.54817199707031, -8.474236488342285), (1, 1, 7, 8, 5, -53.45182800292969, -26.5257625579834), (0, 0, 0, 0, 0, 0.0, 0.0), (0, 0, 0, 0, 0, 0.0, 0.0)])]
[ (7, 1, 1, 0.0, 0.0, 100.0, 35.0, 1.047979712486267, -6.074957370758057, 2, 0, 255, [(0, 1, 6, 7, 4, -46.54817199707031, -8.474236488342285), (1, 1, 7, 8, 5, -53.45182800292969, -26.5257625579834), (0, 0, 0, 0, 0, 0.0, 0.0), (0, 0, 0, 0, 0, 0.0, 0.0)])]
[ (7, 1, 1, 0.0, 0.0, 100.0, 35.0, 1.047979712486267, -6.074957370758057, 2, 0, 255, [(0, 1, 6, 7, 4, -46.54817199707031, -8.474236488342285), (1, 1, 7, 8, 5, -53.45182800292969, -26.5257625579834), (0, 0, 0, 0, 0, 0.0, 0.0), (0, 0, 0, 0, 0, 0.0, 0.0)])]
[ (7, 1, 1, 0.0, 0.0, 100.0, 35.0, 1.047979712486267, -6.074957370758057, 2, 0, 255, [(0, 1, 6, 7, 4, -46.54817199707031, -8.474236488342285), (1, 1, 7, 8, 5, -53.45182800292969, -26.5257625579834), (0, 0, 0, 0, 0, 0.0, 0.0), (0, 0, 0, 0, 0, 0.0, 0.0)])]
[ (7, 1, 1, 0.0, 0.0, 100.0, 35.0, 1.047979712486267, -6.074957370758057, 2, 0, 255, [(0, 1, 6, 7, 4, -46.54817199707031, -8.474236488342285), (1, 1, 7, 8, 5, -53.45182800292969, -26.5257625579834), (0, 0, 0, 0, 0, 0.0, 0.0), (0, 0, 0, 0, 0, 0.0, 0.0)])]
[ (7, 1, 1, 0.0, 0.0, 100.0, 35.0, 1.047979712486267, -6.074957370758057, 2, 0, 255, [(0, 1, 6, 7, 4, -46.54817199707031, -8.474236488342285), (1, 1, 7, 8, 5, -53.45182800292969, -26.5257625579834), (0, 0, 0, 0, 0, 0.0, 0.0), (0, 0, 0, 0, 0, 0.0, 0.0)])]
[ (7, 1, 1, 0.0, 0.0, 100.0, 35.0, 1.047979712486267, -6.074957370758057, 2, 0, 255, [(0, 1, 6, 7, 4, -46.54817199707031, -8.474236488342285), (1, 1, 7, 8, 5, -53.45182800292969, -26.5257625579834), (0, 0, 0, 0, 0, 0.0, 0.0), (0, 0, 0, 0, 0, 0.0, 0.0)])]
[ (7, 1, 1, 0.0, 0.0, 100.0, 35.0, 1.047979712486267, -6.074957370758057, 2, 0, 255, [(0, 1, 6, 7, 4, -46.54817199707031, -8.474236488342285), (1, 1, 7, 8, 5, -53.45182800292969, -26.5257625579834), (0, 0, 0, 0, 0, 0.0, 0.0), (0, 0, 0, 0, 0, 0.0, 0.0)])]
[ (7, 1, 1, 0.0, 0.0, 100.0, 35.0, 1.047979712486267, -6.074957370758057, 2, 0, 255, [(0, 1, 6, 7, 4, -46.54817199707031, -8.474236488342285), (1, 1, 7, 8, 5, -53.45182800292969, -26.5257625579834), (0, 0, 0, 0, 0, 0.0, 0.0), (0, 0, 0, 0, 0, 0.0, 0.0)])]
[ (7, 1, 1, 0.0, 0.0, 100.0, 35.0, 1.047979712486267, -6.074957370758057, 2, 0, 255, [(0, 1, 6, 7, 4, -46.54817199707031, -8.474236488342285), (1, 1, 7, 8, 5, -53.45182800292969, -26.5257625579834), (0, 0, 0, 0, 0, 0.0, 0.0), (0, 0, 0, 0, 0, 0.0, 0.0)])]
[ (7, 1, 1, 0.0, 0.0, 100.0, 35.0, 1.047979712486267, -6.074957370758057, 2, 0, 255, [(0, 1, 6, 7, 4, -46.54817199707031, -8.474236488342285), (1, 1, 7, 8, 5, -53.45182800292969, -26.5257625579834), (0, 0, 0, 0, 0, 0.0, 0.0), (0, 0, 0, 0, 0, 0.0, 0.0)])]
[ (7, 1, 1, 0.0, 0.0, 100.0, 35.0, 1.047979712486267, -6.074957370758057, 2, 0, 255, [(0, 1, 6, 7, 4, -46.54817199707031, -8.474236488342285), (1, 1, 7, 8, 5, -53.45182800292969, -26.5257625579834), (0, 0, 0, 0, 0, 0.0, 0.0), (0, 0, 0, 0, 0, 0.0, 0.0)])]
[ (7, 1, 1, 0.0, 0.0, 100.0, 35.0, 1.047979712486267, -6.074957370758057, 2, 0, 255, [(0, 1, 6, 7, 4, -46.54817199707031, -8.474236488342285), (1, 1, 7, 8, 5, -53.45182800292969, -26.5257625579834), (0, 0, 0, 0, 0, 0.0, 0.0), (0, 0, 0, 0, 0, 0.0, 0.0)])]
[ (7, 1, 1, 0.0, 0.0, 100.0, 35.0, 1.047979712486267, -6.074957370758057, 2, 0, 255, [(0, 1, 6, 7, 4, -46.54817199707031, -8.474236488342285), (1, 1, 7, 8, 5, -53.45182800292969, -26.5257625579834), (0, 0, 0, 0, 0, 0.0, 0.0), (0, 0, 0, 0, 0, 0.0, 0.0)])]
[ (7, 1, 1, 0.0, 0.0, 100.0, 35.0, 1.047979712486267, -6.074957370758057, 2, 0, 255, [(0, 1, 6, 7, 4, -46.54817199707031, -8.474236488342285), (1, 1, 7, 8, 5, -53.45182800292969, -26.5257625579834), (0, 0, 0, 0, 0, 0.0, 0.0), (0, 0, 0, 0, 0, 0.0, 0.0)])]
[ (7, 1, 1, 0.0, 0.0, 100.0, 35.0, 1.047979712486267, -6.074957370758057, 2, 0, 255, [(0, 1, 6, 7, 4, -46.54817199707031, -8.474236488342285), (1, 1, 7, 8, 5, -53.45182800292969, -26.5257625579834), (0, 0, 0, 0, 0, 0.0, 0.0), (0, 0, 0, 0, 0, 0.0, 0.0)])]
[ (7, 1, 1, 0.0, 0.0, 100.0, 35.0, 1.047979712486267, -6.074957370758057, 2, 0, 255, [(0, 1, 6, 7, 4, -46.54817199707031, -8.474236488342285), (1, 1, 7, 8, 5, -53.45182800292969, -26.5257625579834), (0, 0, 0, 0, 0, 0.0, 0.0), (0, 0, 0, 0, 0, 0.0, 0.0)])]
[ (7, 1, 1, 0.0, 0.0, 100.0, 35.0, 1.047979712486267, -6.074957370758057, 2, 0, 255, [(0, 1, 6, 7, 4, -46.54817199707031, -8.474236488342285), (1, 1, 7, 8, 5, -53.45182800292969, -26.5257625579834), (0, 0, 0, 0, 0, 0.0, 0.0), (0, 0, 0, 0, 0, 0.0, 0.0)])]
[ (7, 1, 1, 0.0, 0.0, 100.0, 35.0, 1.047979712486267, -6.074957370758057, 2, 0, 255, [(0, 1, 6, 7, 4, -46.54817199707031, -8.474236488342285), (1, 1, 7, 8, 5, -53.45182800292969, -26.5257625579834), (0, 0, 0, 0, 0, 0.0, 0.0), (0, 0, 0, 0, 0, 0.0, 0.0)])]
[ (7, 1, 1, 0.0, 0.0, 100.0, 35.0, 1.047979712486267, -6.074957370758057, 2, 0, 255, [(0, 1, 6, 7, 4, -46.54817199707031, -8.474236488342285), (1, 1, 7, 8, 5, -53.45182800292969, -26.5257625579834), (0, 0, 0, 0, 0, 0.0, 0.0), (0, 0, 0, 0, 0, 0.0, 0.0)])]
[ (7, 1, 1, 0.0, 0.0, 100.0, 35.0, 1.047979712486267, -6.074957370758057, 2, 0, 255, [(0, 1, 6, 7, 4, -46.54817199707031, -8.474236488342285), (1, 1, 7, 8, 5, -53.45182800292969, -26.5257625579834), (0, 0, 0, 0, 0, 0.0, 0.0), (0, 0, 0, 0, 0, 0.0, 0.0)])]
[ (7, 1, 1, 0.0, 0.0, 100.0, 35.0, 1.047979712486267, -6.074957370758057, 2, 0, 255, [(0, 1, 6, 7, 4, -46.54817199707031, -8.474236488342285), (1, 1, 7, 8, 5, -53.45182800292969, -26.5257625579834), (0, 0, 0, 0, 0, 0.0, 0.0), (0, 0, 0, 0, 0, 0.0, 0.0)])]
[ (7, 1, 1, 0.0, 0.0, 100.0, 35.0, 1.047979712486267, -6.074957370758057, 2, 0, 255, [(0, 1, 6, 7, 4, -46.54817199707031, -8.474236488342285), (1, 1, 7, 8, 5, -53.45182800292969, -26.5257625579834), (0, 0, 0, 0, 0, 0.0, 0.0), (0, 0, 0, 0, 0, 0.0, 0.0)])]
[ (7, 1, 1, 0.0, 0.0, 100.0, 35.0, 1.047979712486267, -6.074957370758057, 2, 0, 255, [(0, 1, 6, 7, 4, -46.54817199707031, -8.474236488342285), (1, 1, 7, 8, 5, -53.45182800292969, -26.5257625579834), (0, 0, 0, 0, 0, 0.0, 0.0), (0, 0, 0, 0, 0, 0.0, 0.0)])]
[ (7, 1, 1, 0.0, 0.0, 100.0, 35.0, 1.047979712486267, -6.074957370758057, 2, 0, 255, [(0, 1, 6, 7, 4, -46.54817199707031, -8.474236488342285), (1, 1, 7, 8, 5, -53.45182800292969, -26.5257625579834), (0, 0, 0, 0, 0, 0.0, 0.0), (0, 0, 0, 0, 0, 0.0, 0.0)])]
[ (7, 1, 1, 0.0, 0.0, 100.0, 35.0, 1.047979712486267, -6.074957370758057, 2, 0, 255, [(0, 1, 6, 7, 4, -46.54817199707031, -8.474236488342285), (1, 1, 7, 8, 5, -53.45182800292969, -26.5257625579834), (0, 0, 0, 0, 0, 0.0, 0.0), (0, 0, 0, 0, 0, 0.0, 0.0)])]
[ (7, 1, 1, 0.0, 0.0, 100.0, 35.0, 1.047979712486267, -6.074957370758057, 2, 0, 255, [(0, 1, 6, 7, 4, -46.54817199707031, -8.474236488342285), (1, 1, 7, 8, 5, -53.45182800292969, -26.5257625579834), (0, 0, 0, 0, 0, 0.0, 0.0), (0, 0, 0, 0, 0, 0.0, 0.0)])]
[ (7, 1, 1, 0.0, 0.0, 100.0, 35.0, 1.047979712486267, -6.074957370758057, 2, 0, 255, [(0, 1, 6, 7, 4, -46.54817199707031, -8.474236488342285), (1, 1, 7, 8, 5, -53.45182800292969, -26.5257625579834), (0, 0, 0, 0, 0, 0.0, 0.0), (0, 0, 0, 0, 0, 0.0, 0.0)])]
[ (7, 1, 1, 0.0, 0.0, 100.0, 35.0, 1.047979712486267, -6.074957370758057, 2, 0, 255, [(0, 1, 6, 7, 4, -46.54817199707031, -8.474236488342285), (1, 1, 7, 8, 5, -53.45182800292969, -26.5257625579834), (0, 0, 0, 0, 0, 0.0, 0.0), (0, 0, 0, 0, 0, 0.0, 0.0)])]
[ (7, 1, 1, 0.0, 0.0, 100.0, 35.0, 1.047979712486267, -6.074957370758057, 2, 0, 255, [(0, 1, 6, 7, 4, -46.54817199707031, -8.474236488342285), (1, 1, 7, 8, 5, -53.45182800292969, -26.5257625579834), (0, 0, 0, 0, 0, 0.0, 0.0), (0, 0, 0, 0, 0, 0.0, 0.0)])]
[ (7, 1, 1, 0.0, 0.0, 100.0, 35.0, 1.047979712486267, -6.074957370758057, 2, 0, 255, [(0, 1, 6, 7, 4, -46.54817199707031, -8.474236488342285), (1, 1, 7, 8, 5, -53.45182800292969, -26.5257625579834), (0, 0, 0, 0, 0, 0.0, 0.0), (0, 0, 0, 0, 0, 0.0, 0.0)])]
[ (7, 1, 1, 0.0, 0.0, 100.0, 35.0, 1.047979712486267, -6.074957370758057, 2, 0, 255, [(0, 1, 6, 7, 4, -46.54817199707031, -8.474236488342285), (1, 1, 7, 8, 5, -53.45182800292969, -26.5257625579834), (0, 0, 0, 0, 0, 0.0, 0.0), (0, 0, 0, 0, 0, 0.0, 0.0)])]
[ (7, 1, 1, 0.0, 0.0, 100.0, 35.0, 1.047979712486267, -6.074957370758057, 2, 0, 255, [(0, 1, 6, 7, 4, -46.54817199707031, -8.474236488342285), (1, 1, 7, 8, 5, -53.45182800292969, -26.5257625579834), (0, 0, 0, 0, 0, 0.0, 0.0), (0, 0, 0, 0, 0, 0.0, 0.0)])]
