[ (8, 1, 1, 0.0, 0.0, 30.0, 30.0, 1.0655007362365723, -4.179872512817383, 3, 0, 255, [(0, 1, 7, 8, 5, 53.698997497558594, 11.979449272155762), (1, 1, 8, 2, 6, -136.68519592285156, -53.82626724243164), (1, 1, 8, 9, 7, 52.9861946105957, 11.846818923950195), (0, 0, 0, 0, 0, 0.0, 0.0)])]
[ (8, 1, 1, 0.0, 0.0, 30.0, 30.0, 1.0655007362365723, -4.179872512817383, 3, 0, 255, [(0, 1, 7, 8, 5, 53.698997497558594, 11.979449272155762), (1, 1, 8, 2, 6, -136.68519592285156, -53.82626724243164), (1, 1, 8, 9, 7, 52.9861946105957, 11.846818923950195), (0, 0, 0, 0, 0, 0.0, 0.0)])]
[ (8, 1, 1, 0.0, 0.0, 30.0, 30.0, 1.0655007362365723, -4.179872512817383, 3, 0, 255, [(0, 1, 7, 8, 5, 53.698997497558594, 11.979449272155762), (1, 1, 8, 2, 6, -136.68519592285156, -53.82626724243164), (1, 1, 8, 9, 7, 52.9861946105957, 11.846818923950195), (0, 0, 0, 0, 0, 0.0, 0.0)])]
[ (8, 1, 1, 0.0, 0.0, 30.0, 30.0, 1.0655007362365723, -4.179872512817383, 3, 0, 255, [(0, 1, 7, 8, 5, 53.698997497558594, 11.979449272155762), (1, 1, 8, 2, 6, -136.68519592285156, -53.82626724243164), (1, 1, 8, 9, 7, 52.9861946105957, 11.846818923950195), (0, 0, 0, 0, 0, 0.0, 0.0)])]
[ (8, 1, 1, 0.0, 0.0, 30.0, 30.0, 1.0655007362365723, -4.179872512817383, 3, 0, 255, [(0, 1, 7, 8, 5, 53.698997497558594, 11.979449272155762), (1, 1, 8, 2, 6, -136.68519592285156, -53.82626724243164), (1, 1, 8, 9, 7, 52.9861946105957, 11.846818923950195), (0, 0, 0, 0, 0, 0.0, 0.0)])]
[ (8, 1, 1, 0.0, 0.0, 30.0, 30.0, 1.0655007362365723, -4.179872512817383, 3, 0, 255, [(0, 1, 7, 8, 5, 53.698997497558594, 11.979449272155762), (1, 1, 8, 2, 6, -136.68519592285156, -53.82626724243164), (1, 1, 8, 9, 7, 52.9861946105957, 11.846818923950195), (0, 0, 0, 0, 0, 0.0, 0.0)])]
[ (8, 1, 1, 0.0, 0.0, 30.0, 30.0, 1.0655007362365723, -4.179872512817383, 3, 0, 255, [(0, 1, 7, 8, 5, 53.698997497558594, 11.979449272155762), (1, 1, 8, 2, 6, -136.68519592285156, -53.82626724243164), (1, 1, 8, 9, 7, 52.9861946105957, 11.846818923950195), (0, 0, 0, 0, 0, 0.0, 0.0)])]
[ (8, 1, 1, 0.0, 0.0, 30.0, 30.0, 1.0655007362365723, -4.179872512817383, 3, 0, 255, [(0, 1, 7, 8, 5, 53.698997497558594, 11.979449272155762), (1, 1, 8, 2, 6, -136.68519592285156, -53.82626724243164), (1, 1, 8, 9, 7, 52.9861946105957, 11.846818923950195), (0, 0, 0, 0, 0, 0.0, 0.0)])]
[ (8, 1, 1, 0.0, 0.0, 30.0, 30.0, 1.0655007362365723, -4.179872512817383, 3, 0, 255, [(0, 1, 7, 8, 5, 53.698997497558594, 11.979449272155762), (1, 1, 8, 2, 6, -136.68519592285156, -53.82626724243164), (1, 1, 8, 9, 7, 52.9861946105957, 11.846818923950195), (0, 0, 0, 0, 0, 0.0, 0.0)])]
[ (8, 1, 1, 0.0, 0.0, 30.0, 30.0, 1.0655007362365723, -4.179872512817383, 3, 0, 255, [(0, 1, 7, 8, 5, 53.698997497558594, 11.979449272155762), (1, 1, 8, 2, 6, -136.68519592285156, -53.82626724243164), (1, 1, 8, 9, 7, 52.9861946105957, 11.846818923950195), (0, 0, 0, 0, 0, 0.0, 0.0)])]
[ (8, 1, 1, 0.0, 0.0, 30.0, 30.0, 1.0655007362365723, -4.179872512817383, 3, 0, 255, [(0, 1, 7, 8, 5, 53.698997497558594, 11.979449272155762), (1, 1, 8, 2, 6, -136.68519592285156, -53.82626724243164), (1, 1, 8, 9, 7, 52.9861946105957, 11.846818923950195), (0, 0, 0, 0, 0, 0.0, 0.0)])]
[ (8, 1, 1, 0.0, 0.0, 30.0, 30.0, 1.0655007362365723, -4.179872512817383, 3, 0, 255, [(0, 1, 7, 8, 5, 53.698997497558594, 11.979449272155762), (1, 1, 8, 2, 6, -136.68519592285156, -53.82626724243164), (1, 1, 8, 9, 7, 52.9861946105957, 11.846818923950195), (0, 0, 0, 0, 0, 0.0, 0.0)])]
[ (8, 1, 1, 0.0, 0.0, 30.0, 30.0, 1.0655007362365723, -4.179872512817383, 3, 0, 255, [(0, 1, 7, 8, 5, 53.698997497558594, 11.979449272155762), (1, 1, 8, 2, 6, -136.68519592285156, -53.82626724243164), (1, 1, 8, 9, 7, 52.9861946105957, 11.846818923950195), (0, 0, 0, 0, 0, 0.0, 0.0)])]
[ (8, 1, 1, 0.0, 0.0, 30.0, 30.0, 1.0655007362365723, -4.179872512817383, 3, 0, 255, [(0, 1, 7, 8, 5, 53.698997497558594, 11.979449272155762), (1, 1, 8, 2, 6, -136.68519592285156, -53.82626724243164), (1, 1, 8, 9, 7, 52.9861946105957, 11.846818923950195), (0, 0, 0, 0, 0, 0.0, 0.0)])]
[ (8, 1, 1, 0.0, 0.0, 30.0, 30.0, 1.0655007362365723, -4.179872512817383, 3, 0, 255, [(0, 1, 7, 8, 5, 53.698997497558594, 11.979449272155762), (1, 1, 8, 2, 6, -136.68519592285156, -53.82626724243164), (1, 1, 8, 9, 7, 52.9861946105957, 11.846818923950195), (0, 0, 0, 0, 0, 0.0, 0.0)])]
[ (8, 1, 1, 0.0, 0.0, 30.0, 30.0, 1.0655007362365723, -4.179872512817383, 3, 0, 255, [(0, 1, 7, 8, 5, 53.698997497558594, 11.979449272155762), (1, 1, 8, 2, 6, -136.68519592285156, -53.82626724243164), (1, 1, 8, 9, 7, 52.9861946105957, 11.846818923950195), (0, 0, 0, 0, 0, 0.0, 0.0)])]
[ (8, 1, 1, 0.0, 0.0, 30.0, 30.0, 1.0655007362365723, -4.179872512817383, 3, 0, 255, [(0, 1, 7, 8, 5, 53.698997497558594, 11.979449272155762), (1, 1, 8, 2, 6, -136.68519592285156, -53.82626724243164), (1, 1, 8, 9, 7, 52.9861946105957, 11.846818923950195), (0, 0, 0, 0, 0, 0.0, 0.0)])]
[ (8, 1, 1, 0.0, 0.0, 30.0, 30.0, 1.0655007362365723, -4.179872512817383, 3, 0, 255, [(0, 1, 7, 8, 5, 53.698997497558594, 11.979449272155762), (1, 1, 8, 2, 6, -136.68519592285156, -53.82626724243164), (1, 1, 8, 9, 7, 52.9861946105957, 11.846818923950195), (0, 0, 0, 0, 0, 0.0, 0.0)])]
[ (8, 1, 1, 0.0, 0.0, 30.0, 30.0, 1.0655007362365723, -4.179872512817383, 3, 0, 255, [(0, 1, 7, 8, 5, 53.698997497558594, 11.979449272155762), (1, 1, 8, 2, 6, -136.68519592285156, -53.82626724243164), (1, 1, 8, 9, 7, 52.9861946105957, 11.846818923950195), (0, 0, 0, 0, 0, 0.0, 0.0)])]
[ (8, 1, 1, 0.0, 0.0, 30.0, 30.0, 1.0655007362365723, -4.179872512817383, 3, 0, 255, [(0, 1, 7, 8, 5, 53.698997497558594, 11.979449272155762), (1, 1, 8, 2, 6, -136.68519592285156, -53.82626724243164), (1, 1, 8, 9, 7, 52.9861946105957, 11.846818923950195), (0, 0, 0, 0, 0, 0.0, 0.0)])]
[ (8, 1, 1, 0.0, 0.0, 30.0, 30.0, 1.0655007362365723, -4.179872512817383, 3, 0, 255, [(0, 1, 7, 8, 5, 53.698997497558594, 11.979449272155762), (1, 1, 8, 2, 6, -136.68519592285156, -53.82626724243164), (1, 1, 8, 9, 7, 52.9861946105957, 11.846818923950195), (0, 0, 0, 0, 0, 0.0, 0.0)])]
[ (8, 1, 1, 0.0, 0.0, 30.0, 30.0, 1.0655007362365723, -4.179872512817383, 3, 0, 255, [(0, 1, 7, 8, 5, 53.698997497558594, 11.979449272155762), (1, 1, 8, 2, 6, -136.68519592285156, -53.82626724243164), (1, 1, 8, 9, 7, 52.9861946105957, 11.846818923950195), (0, 0, 0, 0, 0, 0.0, 0.0)])]
[ (8, 1, 1, 0.0, 0.0, 30.0, 30.0, 1.0655007362365723, -4.179872512817383, 3, 0, 255, [(0, 1, 7, 8, 5, 53.698997497558594, 11.979449272155762), (1, 1, 8, 2, 6, -136.68519592285156, -53.82626724243164), (1, 1, 8, 9, 7, 52.9861946105957, 11.846818923950195), (0, 0, 0, 0, 0, 0.0, 0.0)])]
[ (8, 1, 1, 0.0, 0.0, 30.0, 30.0, 1.0655007362365723, -4.179872512817383, 3, 0, 255, [(0, 1, 7, 8, 5, 53.698997497558594, 11.979449272155762), (1, 1, 8, 2, 6, -136.68519592285156, -53.82626724243164), (1, 1, 8, 9, 7, 52.9861946105957, 11.846818923950195), (0, 0, 0, 0, 0, 0.0, 0.0)])]
[ (8, 1, 1, 0.0, 0.0, 30.0, 30.0, 1.0655007362365723, -4.179872512817383, 3, 0, 255, [(0, 1, 7, 8, 5, 53.698997497558594, 11.979449272155762), (1, 1, 8, 2, 6, -136.68519592285156, -53.82626724243164), (1, 1, 8, 9, 7, 52.9861946105957, 11.846818923950195), (0, 0, 0, 0, 0, 0.0, 0.0)])]
[ (8, 1, 1, 0.0, 0.0, 30.0, 30.0, 1.0655007362365723, -4.179872512817383, 3, 0, 255, [(0, 1, 7, 8, 5, 53.698997497558594, 11.979449272155762), (1, 1, 8, 2, 6, -136.68519592285156, -53.82626724243164), (1, 1, 8, 9, 7, 52.9861946105957, 11.846818923950195), (0, 0, 0, 0, 0, 0.0, 0.0)])]
[ (8, 1, 1, 0.0, 0.0, 30.0, 30.0, 1.0655007362365723, -4.179872512817383, 3, 0, 255, [(0, 1, 7, 8, 5, 53.698997497558594, 11.979449272155762), (1, 1, 8, 2, 6, -136.68519592285156, -53.82626724243164), (1, 1, 8, 9, 7, 52.9861946105957, 11.846818923950195), (0, 0, 0, 0, 0, 0.0, 0.0)])]
[ (8, 1, 1, 0.0, 0.0, 30.0, 30.0, 1.0655007362365723, -4.179872512817383, 3, 0, 255, [(0, 1, 7, 8, 5, 53.698997497558594, 11.979449272155762), (1, 1, 8, 2, 6, -136.68519592285156, -53.82626724243164), (1, 1, 8, 9, 7, 52.9861946105957, 11.846818923950195), (0, 0, 0, 0, 0, 0.0, 0.0)])]
[ (8, 1, 1, 0.0, 0.0, 30.0, 30.0, 1.0655007362365723, -4.179872512817383, 3, 0, 255, [(0, 1, 7, 8, 5, 53.698997497558594, 11.979449272155762), (1, 1, 8, 2, 6, -136.68519592285156, -53.82626724243164), (1, 1, 8, 9, 7, 52.9861946105957, 11.846818923950195), (0, 0, 0, 0, 0, 0.0, 0.0)])]
[ (8, 1, 1, 0.0, 0.0, 30.0, 30.0, 1.0655007362365723, -4.179872512817383, 3, 0, 255, [(0, 1, 7, 8, 5, 53.698997497558594, 11.979449272155762), (1, 1, 8, 2, 6, -136.68519592285156, -53.82626724243164), (1, 1, 8, 9, 7, 52.9861946105957, 11.846818923950195), (0, 0, 0, 0, 0, 0.0, 0.0)])]
[ (8, 1, 1, 0.0, 0.0, 30.0, 30.0, 1.0655007362365723, -4.179872512817383, 3, 0, 255, [(0, 1, 7, 8, 5, 53.698997497558594, 11.979449272155762), (1, 1, 8, 2, 6, -136.68519592285156, -53.82626724243164), (1, 1, 8, 9, 7, 52.9861946105957, 11.846818923950195), (0, 0, 0, 0, 0, 0.0, 0.0)])]
[ (8, 1, 1, 0.0, 0.0, 30.0, 30.0, 1.0655007362365723, -4.179872512817383, 3, 0, 255, [(0, 1, 7, 8, 5, 53.698997497558594, 11.979449272155762), (1, 1, 8, 2, 6, -136.68519592285156, -53.82626724243164), (1, 1, 8, 9, 7, 52.9861946105957, 11.846818923950195), (0, 0, 0, 0, 0, 0.0, 0.0)])]
[ (8, 1, 1, 0.0, 0.0, 30.0, 30.0, 1.0655007362365723, -4.179872512817383, 3, 0, 255, [(0, 1, 7, 8, 5, 53.698997497558594, 11.979449272155762), (1, 1, 8, 2, 6, -136.68519592285156, -53.82626724243164), (1, 1, 8, 9, 7, 52.9861946105957, 11.846818923950195), (0, 0, 0, 0, 0, 0.0, 0.0)])]
[ (8, 1, 1, 0.0, 0.0, 30.0, 30.0, 1.0655007362365723, -4.179872512817383, 3, 0, 255, [(0, 1, 7, 8, 5, 53.698997497558594, 11.979449272155762), (1, 1, 8, 2, 6, -136.68519592285156, -53.82626724243164), (1, 1, 8, 9, 7, 52.9861946105957, 11.846818923950195), (0, 0, 0, 0, 0, 0.0, 0.0)])]
[ (8, 1, 1, 0.0, 0.0, 30.0, 30.0, 1.0655007362365723, -4.179872512817383, 3, 0, 255, [(0, 1, 7, 8, 5, 53.698997497558594, 11.979449272155762), (1, 1, 8, 2, 6, -136.68519592285156, -53.82626724243164), (1, 1, 8, 9, 7, 52.9861946105957, 11.846818923950195), (0, 0, 0, 0, 0, 0.0, 0.0)])]
[ (8, 1, 1, 0.0, 0.0, 30.0, 30.0, 1.0655007362365723, -4.179872512817383, 3, 0, 255, [(0, 1, 7, 8, 5, 53.698997497558594, 11.979449272155762), (1, 1, 8, 2, 6, -136.68519592285156, -53.82626724243164), (1, 1, 8, 9, 7, 52.9861946105957, 11.846818923950195), (0, 0, 0, 0, 0, 0.0, 0.0)])]
[ (8, 1, 1, 0.0, 0.0, 30.0, 30.0, 1.0655007362365723, -4.179872512817383, 3, 0, 255, [(0, 1, 7, 8, 5, 53.698997497558594, 11.979449272155762), (1, 1, 8, 2, 6, -136.68519592285156, -53.82626724243164), (1, 1, 8, 9, 7, 52.9861946105957, 11.846818923950195), (0, 0, 0, 0, 0, 0.0, 0.0)])]
[ (8, 1, 1, 0.0, 0.0, 30.0, 30.0, 1.0655007362365723, -4.179872512817383, 3, 0, 255, [(0, 1, 7, 8, 5, 53.698997497558594, 11.979449272155762), (1, 1, 8, 2, 6, -136.68519592285156, -53.82626724243164), (1, 1, 8, 9, 7, 52.9861946105957, 11.846818923950195), (0, 0, 0, 0, 0, 0.0, 0.0)])]
[ (8, 1, 1, 0.0, 0.0, 30.0, 30.0, 1.0655007362365723, -4.179872512817383, 3, 0, 255, [(0, 1, 7, 8, 5, 53.698997497558594, 11.979449272155762), (1, 1, 8, 2, 6, -136.68519592285156, -53.82626724243164), (1, 1, 8, 9, 7, 52.9861946105957, 11.846818923950195), (0, 0, 0, 0, 0, 0.0, 0.0)])]
