[ (9, 1, 1, 0.0, 0.0, 125.0, 50.0, 1.0079642534255981, -8.235539436340332, 2, 0, 255, [(0, 1, 8, 9, 7, -51.95424270629883, -39.569435119628906), (1, 1, 9, 4, 8, -73.04576110839844, -10.43056583404541), (0, 0, 0, 0, 0, 0.0, 0.0), (0, 0, 0, 0, 0, 0.0, 0.0)])]
[ (9, 1, 1, 0.0, 0.0, 125.0, 50.0, 1.0079642534255981, -8.235539436340332, 2, 0, 255, [(0, 1, 8, 9, 7, -51.95424270629883, -39.569435119628906), (1, 1, 9, 4, 8, -73.04576110839844, -10.43056583404541), (0, 0, 0, 0, 0, 0.0, 0.0), (0, 0, 0, 0, 0, 0.0, 0.0)])]
[ (9, 1, 1, 0.0, 0.0, 125.0, 50.0, 1.0079642534255981, -8.235539436340332, 2, 0, 255, [(0, 1, 8, 9, 7, -51.95424270629883, -39.569435119628906), (1, 1, 9, 4, 8, -73.04576110839844, -10.43056583404541), (0, 0, 0, 0, 0, 0.0, 0.0), (0, 0, 0, 0, 0, 0.0, 0.0)])]
[ (9, 1, 1, 0.0, 0.0, 125.0, 50.0, 1.0079642534255981, -8.235539436340332, 2, 0, 255, [(0, 1, 8, 9, 7, -51.95424270629883, -39.569435119628906), (1, 1, 9, 4, 8, -73.04576110839844, -10.43056583404541), (0, 0, 0, 0, 0, 0.0, 0.0), (0, 0, 0, 0, 0, 0.0, 0.0)])]
[ (9, 1, 1, 0.0, 0.0, 125.0, 50.0, 1.0079642534255981, -8.235539436340332, 2, 0, 255, [(0, 1, 8, 9, 7, -51.95424270629883, -39.569435119628906), (1, 1, 9, 4, 8, -73.04576110839844, -10.43056583404541), (0, 0, 0, 0, 0, 0.0, 0.0), (0, 0, 0, 0, 0, 0.0, 0.0)])]
[ (9, 1, 1, 0.0, 0.0, 125.0, 50.0, 1.0079642534255981, -8.235539436340332, 2, 0, 255, [(0, 1, 8, 9, 7, -51.95424270629883, -39.569435119628906), (1, 1, 9, 4, 8, -73.04576110839844, -10.43056583404541), (0, 0, 0, 0, 0, 0.0, 0.0), (0, 0, 0, 0, 0, 0.0, 0.0)])]
[ (9, 1, 1, 0.0, 0.0, 125.0, 50.0, 1.0079642534255981, -8.235539436340332, 2, 0, 255, [(0, 1, 8, 9, 7, -51.95424270629883, -39.569435119628906), (1, 1, 9, 4, 8, -73.04576110839844, -10.43056583404541), (0, 0, 0, 0, 0, 0.0, 0.0), (0, 0, 0, 0, 0, 0.0, 0.0)])]
[ (9, 1, 1, 0.0, 0.0, 125.0, 50.0, 1.0079642534255981, -8.235539436340332, 2, 0, 255, [(0, 1, 8, 9, 7, -51.95424270629883, -39.569435119628906), (1, 1, 9, 4, 8, -73.04576110839844, -10.43056583404541), (0, 0, 0, 0, 0, 0.0, 0.0), (0, 0, 0, 0, 0, 0.0, 0.0)])]
[ (9, 1, 1, 0.0, 0.0, 125.0, 50.0, 1.0079642534255981, -8.235539436340332, 2, 0, 255, [(0, 1, 8, 9, 7, -51.95424270629883, -39.569435119628906), (1, 1, 9, 4, 8, -73.04576110839844, -10.43056583404541), (0, 0, 0, 0, 0, 0.0, 0.0), (0, 0, 0, 0, 0, 0.0, 0.0)])]
[ (9, 1, 1, 0.0, 0.0, 125.0, 50.0, 1.0079642534255981, -8.235539436340332, 2, 0, 255, [(0, 1, 8, 9, 7, -51.95424270629883, -39.569435119628906), (1, 1, 9, 4, 8, -73.04576110839844, -10.43056583404541), (0, 0, 0, 0, 0, 0.0, 0.0), (0, 0, 0, 0, 0, 0.0, 0.0)])]
[ (9, 1, 1, 0.0, 0.0, 125.0, 50.0, 1.0079642534255981, -8.235539436340332, 2, 0, 255, [(0, 1, 8, 9, 7, -51.95424270629883, -39.569435119628906), (1, 1, 9, 4, 8, -73.04576110839844, -10.43056583404541), (0, 0, 0, 0, 0, 0.0, 0.0), (0, 0, 0, 0, 0, 0.0, 0.0)])]
[ (9, 1, 1, 0.0, 0.0, 125.0, 50.0, 1.0079642534255981, -8.235539436340332, 2, 0, 255, [(0, 1, 8, 9, 7, -51.95424270629883, -39.569435119628906), (1, 1, 9, 4, 8, -73.04576110839844, -10.43056583404541), (0, 0, 0, 0, 0, 0.0, 0.0), (0, 0, 0, 0, 0, 0.0, 0.0)])]
[ (9, 1, 1, 0.0, 0.0, 125.0, 50.0, 1.0079642534255981, -8.235539436340332, 2, 0, 255, [(0, 1, 8, 9, 7, -51.95424270629883, -39.569435119628906), (1, 1, 9, 4, 8, -73.04576110839844, -10.43056583404541), (0, 0, 0, 0, 0, 0.0, 0.0), (0, 0, 0, 0, 0, 0.0, 0.0)])]
[ (9, 1, 1, 0.0, 0.0, 125.0, 50.0, 1.0079642534255981, -8.235539436340332, 2, 0, 255, [(0, 1, 8, 9, 7, -51.95424270629883, -39.569435119628906), (1, 1, 9, 4, 8, -73.04576110839844, -10.43056583404541), (0, 0, 0, 0, 0, 0.0, 0.0), (0, 0, 0, 0, 0, 0.0, 0.0)])]
[ (9, 1, 1, 0.0, 0.0, 125.0, 50.0, 1.0079642534255981, -8.235539436340332, 2, 0, 255, [(0, 1, 8, 9, 7, -51.95424270629883, -39.569435119628906), (1, 1, 9, 4, 8, -73.04576110839844, -10.43056583404541), (0, 0, 0, 0, 0, 0.0, 0.0), (0, 0, 0, 0, 0, 0.0, 0.0)])]
[ (9, 1, 1, 0.0, 0.0, 125.0, 50.0, 1.0079642534255981, -8.235539436340332, 2, 0, 255, [(0, 1, 8, 9, 7, -51.95424270629883, -39.569435119628906), (1, 1, 9, 4, 8, -73.04576110839844, -10.43056583404541), (0, 0, 0, 0, 0, 0.0, 0.0), (0, 0, 0, 0, 0, 0.0, 0.0)])]
[ (9, 1, 1, 0.0, 0.0, 125.0, 50.0, 1.0079642534255981, -8.235539436340332, 2, 0, 255, [(0, 1, 8, 9, 7, -51.95424270629883, -39.569435119628906), (1, 1, 9, 4, 8, -73.04576110839844, -10.43056583404541), (0, 0, 0, 0, 0, 0.0, 0.0), (0, 0, 0, 0, 0, 0.0, 0.0)])]
[ (9, 1, 1, 0.0, 0.0, 125.0, 50.0, 1.0079642534255981, -8.235539436340332, 2, 0, 255, [(0, 1, 8, 9, 7, -51.95424270629883, -39.569435119628906), (1, 1, 9, 4, 8, -73.04576110839844, -10.43056583404541), (0, 0, 0, 0, 0, 0.0, 0.0), (0, 0, 0, 0, 0, 0.0, 0.0)])]
[ (9, 1, 1, 0.0, 0.0, 125.0, 50.0, 1.0079642534255981, -8.235539436340332, 2, 0, 255, [(0, 1, 8, 9, 7, -51.95424270629883, -39.569435119628906), (1, 1, 9, 4, 8, -73.04576110839844, -10.43056583404541), (0, 0, 0, 0, 0, 0.0, 0.0), (0, 0, 0, 0, 0, 0.0, 0.0)])]
[ (9, 1, 1, 0.0, 0.0, 125.0, 50.0, 1.0079642534255981, -8.235539436340332, 2, 0, 255, [(0, 1, 8, 9, 7, -51.95424270629883, -39.569435119628906), (1, 1, 9, 4, 8, -73.04576110839844, -10.43056583404541), (0, 0, 0, 0, 0, 0.0, 0.0), (0, 0, 0, 0, 0, 0.0, 0.0)])]
[ (9, 1, 1, 0.0, 0.0, 125.0, 50.0, 1.0079642534255981, -8.235539436340332, 2, 0, 255, [(0, 1, 8, 9, 7, -51.95424270629883, -39.569435119628906), (1, 1, 9, 4, 8, -73.04576110839844, -10.43056583404541), (0, 0, 0, 0, 0, 0.0, 0.0), (0, 0, 0, 0, 0, 0.0, 0.0)])]
[ (9, 1, 1, 0.0, 0.0, 125.0, 50.0, 1.0079642534255981, -8.235539436340332, 2, 0, 255, [(0, 1, 8, 9, 7, -51.95424270629883, -39.569435119628906), (1, 1, 9, 4, 8, -73.04576110839844, -10.43056583404541), (0, 0, 0, 0, 0, 0.0, 0.0), (0, 0, 0, 0, 0, 0.0, 0.0)])]
[ (9, 1, 1, 0.0, 0.0, 125.0, 50.0, 1.0079642534255981, -8.235539436340332, 2, 0, 255, [(0, 1, 8, 9, 7, -51.95424270629883, -39.569435119628906), (1, 1, 9, 4, 8, -73.04576110839844, -10.43056583404541), (0, 0, 0, 0, 0, 0.0, 0.0), (0, 0, 0, 0, 0, 0.0, 0.0)])]
[ (9, 1, 1, 0.0, 0.0, 125.0, 50.0, 1.0079642534255981, -8.235539436340332, 2, 0, 255, [(0, 1, 8, 9, 7, -51.95424270629883, -39.569435119628906), (1, 1, 9, 4, 8, -73.04576110839844, -10.43056583404541), (0, 0, 0, 0, 0, 0.0, 0.0), (0, 0, 0, 0, 0, 0.0, 0.0)])]
[ (9, 1, 1, 0.0, 0.0, 125.0, 50.0, 1.0079642534255981, -8.235539436340332, 2, 0, 255, [(0, 1, 8, 9, 7, -51.95424270629883, -39.569435119628906), (1, 1, 9, 4, 8, -73.04576110839844, -10.43056583404541), (0, 0, 0, 0, 0, 0.0, 0.0), (0, 0, 0, 0, 0, 0.0, 0.0)])]
[ (9, 1, 1, 0.0, 0.0, 125.0, 50.0, 1.0079642534255981, -8.235539436340332, 2, 0, 255, [(0, 1, 8, 9, 7, -51.95424270629883, -39.569435119628906), (1, 1, 9, 4, 8, -73.04576110839844, -10.43056583404541), (0, 0, 0, 0, 0, 0.0, 0.0), (0, 0, 0, 0, 0, 0.0, 0.0)])]
[ (9, 1, 1, 0.0, 0.0, 125.0, 50.0, 1.0079642534255981, -8.235539436340332, 2, 0, 255, [(0, 1, 8, 9, 7, -51.95424270629883, -39.569435119628906), (1, 1, 9, 4, 8, -73.04576110839844, -10.43056583404541), (0, 0, 0, 0, 0, 0.0, 0.0), (0, 0, 0, 0, 0, 0.0, 0.0)])]
[ (9, 1, 1, 0.0, 0.0, 125.0, 50.0, 1.0079642534255981, -8.235539436340332, 2, 0, 255, [(0, 1, 8, 9, 7, -51.95424270629883, -39.569435119628906), (1, 1, 9, 4, 8, -73.04576110839844, -10.43056583404541), (0, 0, 0, 0, 0, 0.0, 0.0), (0, 0, 0, 0, 0, 0.0, 0.0)])]
[ (9, 1, 1, 0.0, 0.0, 125.0, 50.0, 1.0079642534255981, -8.235539436340332, 2, 0, 255, [(0, 1, 8, 9, 7, -51.95424270629883, -39.569435119628906), (1, 1, 9, 4, 8, -73.04576110839844, -10.43056583404541), (0, 0, 0, 0, 0, 0.0, 0.0), (0, 0, 0, 0, 0, 0.0, 0.0)])]
[ (9, 1, 1, 0.0, 0.0, 125.0, 50.0, 1.0079642534255981, -8.235539436340332, 2, 0, 255, [(0, 1, 8, 9, 7, -51.95424270629883, -39.569435119628906), (1, 1, 9, 4, 8, -73.04576110839844, -10.43056583404541), (0, 0, 0, 0, 0, 0.0, 0.0), (0, 0, 0, 0, 0, 0.0, 0.0)])]
[ (9, 1, 1, 0.0, 0.0, 125.0, 50.0, 1.0079642534255981, -8.235539436340332, 2, 0, 255, [(0, 1, 8, 9, 7, -51.95424270629883, -39.569435119628906), (1, 1, 9, 4, 8, -73.04576110839844, -10.43056583404541), (0, 0, 0, 0, 0, 0.0, 0.0), (0, 0, 0, 0, 0, 0.0, 0.0)])]
[ (9, 1, 1, 0.0, 0.0, 125.0, 50.0, 1.0079642534255981, -8.235539436340332, 2, 0, 255, [(0, 1, 8, 9, 7, -51.95424270629883, -39.569435119628906), (1, 1, 9, 4, 8, -73.04576110839844, -10.43056583404541), (0, 0, 0, 0, 0, 0.0, 0.0), (0, 0, 0, 0, 0, 0.0, 0.0)])]
[ (9, 1, 1, 0.0, 0.0, 125.0, 50.0, 1.0079642534255981, -8.235539436340332, 2, 0, 255, [(0, 1, 8, 9, 7, -51.95424270629883, -39.569435119628906), (1, 1, 9, 4, 8, -73.04576110839844, -10.43056583404541), (0, 0, 0, 0, 0, 0.0, 0.0), (0, 0, 0, 0, 0, 0.0, 0.0)])]
[ (9, 1, 1, 0.0, 0.0, 125.0, 50.0, 1.0079642534255981, -8.235539436340332, 2, 0, 255, [(0, 1, 8, 9, 7, -51.95424270629883, -39.569435119628906), (1, 1, 9, 4, 8, -73.04576110839844, -10.43056583404541), (0, 0, 0, 0, 0, 0.0, 0.0), (0, 0, 0, 0, 0, 0.0, 0.0)])]
[ (9, 1, 1, 0.0, 0.0, 125.0, 50.0, 1.0079642534255981, -8.235539436340332, 2, 0, 255, [(0, 1, 8, 9, 7, -51.95424270629883, -39.569435119628906), (1, 1, 9, 4, 8, -73.04576110839844, -10.43056583404541), (0, 0, 0, 0, 0, 0.0, 0.0), (0, 0, 0, 0, 0, 0.0, 0.0)])]
[ (9, 1, 1, 0.0, 0.0, 125.0, 50.0, 1.0079642534255981, -8.235539436340332, 2, 0, 255, [(0, 1, 8, 9, 7, -51.95424270629883, -39.569435119628906), (1, 1, 9, 4, 8, -73.04576110839844, -10.43056583404541), (0, 0, 0, 0, 0, 0.0, 0.0), (0, 0, 0, 0, 0, 0.0, 0.0)])]
[ (9, 1, 1, 0.0, 0.0, 125.0, 50.0, 1.0079642534255981, -8.235539436340332, 2, 0, 255, [(0, 1, 8, 9, 7, -51.95424270629883, -39.569435119628906), (1, 1, 9, 4, 8, -73.04576110839844, -10.43056583404541), (0, 0, 0, 0, 0, 0.0, 0.0), (0, 0, 0, 0, 0, 0.0, 0.0)])]
[ (9, 1, 1, 0.0, 0.0, 125.0, 50.0, 1.0079642534255981, -8.235539436340332, 2, 0, 255, [(0, 1, 8, 9, 7, -51.95424270629883, -39.569435119628906), (1, 1, 9, 4, 8, -73.04576110839844, -10.43056583404541), (0, 0, 0, 0, 0, 0.0, 0.0), (0, 0, 0, 0, 0, 0.0, 0.0)])]
[ (9, 1, 1, 0.0, 0.0, 125.0, 50.0, 1.0079642534255981, -8.235539436340332, 2, 0, 255, [(0, 1, 8, 9, 7, -51.95424270629883, -39.569435119628906), (1, 1, 9, 4, 8, -73.04576110839844, -10.43056583404541), (0, 0, 0, 0, 0, 0.0, 0.0), (0, 0, 0, 0, 0, 0.0, 0.0)])]
