[ (3, 3, 1, 119.88999938964844, 18.795724868774414, 0.0, 0.0, 1.0596473217010498, 0.0, 1, 0, 2, [(1, 1, 3, 6, 3, 119.88999938964844, 18.795724868774414), (0, 0, 0, 0, 0, 0.0, 0.0), (0, 0, 0, 0, 0, 0.0, 0.0), (0, 0, 0, 0, 0, 0.0, 0.0)])]
[ (1, 3, 1, 151.5660400390625, 26.637805938720703, 0.0, 0.0, 1.0296885967254639, 0.0, 1, 0, 0, [(1, 1, 1, 4, 0, 151.5660400390625, 26.637805938720703), (0, 0, 0, 0, 0, 0.0, 0.0), (0, 0, 0, 0, 0, 0.0, 0.0), (0, 0, 0, 0, 0, 0.0, 0.0)])]
[ (2, 3, 1, 136.68519592285156, 65.70653533935547, 0.0, 0.0, 1.0999999046325684, 0.0, 1, 0, 1, [(0, 1, 8, 2, 6, 136.68519592285156, 65.70653533935547), (0, 0, 0, 0, 0, 0.0, 0.0), (0, 0, 0, 0, 0, 0.0, 0.0), (0, 0, 0, 0, 0, 0.0, 0.0)])]
[ (5, 1, 1, 0.0, 0.0, 90.0, 30.0, 1.0156679153442383, -7.26861047744751, 2, 0, 255, [(0, 1, 4, 5, 1, -47.61338424682617, -1.2191274166107178), (1, 1, 5, 6, 2, -42.38661575317383, -28.780872344970703), (0, 0, 0, 0, 0, 0.0, 0.0), (0, 0, 0, 0, 0, 0.0, 0.0)])]
[ (4, 1, 1, 0.0, 0.0, 30.0, 30.0, 1.018323302268982, -4.775936126708984, 3, 0, 255, [(0, 1, 1, 4, 0, -151.5660400390625, -13.772321701049805), (1, 1, 4, 5, 1, 47.994895935058594, -13.057869911193848), (0, 1, 9, 4, 8, 73.5711441040039, -3.1698079109191895), (0, 0, 0, 0, 0, 0.0, 0.0)])]
[ (6, 1, 1, 0.0, 0.0, 30.0, 30.0, 1.051345705986023, -3.6156351566314697, 3, 0, 255, [(0, 1, 5, 6, 2, 43.1060791015625, -6.333680152893066), (0, 1, 3, 6, 3, -119.88999938964844, -11.109979629516602), (1, 1, 6, 7, 4, 46.78392028808594, -12.556339263916016), (0, 0, 0, 0, 0, 0.0, 0.0)])]
[ (7, 1, 1, 0.0, 0.0, 100.0, 35.0, 1.047979712486267, -6.074957370758057, 2, 0, 255, [(0, 1, 6, 7, 4, -46.54817199707031, -8.474236488342285), (1, 1, 7, 8, 5, -53.45182800292969, -26.5257625579834), (0, 0, 0, 0, 0, 0.0, 0.0), (0, 0, 0, 0, 0, 0.0, 0.0)])]
[ (8, 1, 1, 0.0, 0.0, 30.0, 30.0, 1.0655007362365723, -4.179872512817383, 3, 0, 255, [(0, 1, 7, 8, 5, 53.698997497558594, 11.979449272155762), (1, 1, 8, 2, 6, -136.68519592285156, -53.82626724243164), (1, 1, 8, 9, 7, 52.9861946105957, 11.846818923950195), (0, 0, 0, 0, 0, 0.0, 0.0)])]
[ (9, 1, 1, 0.0, 0.0, 125.0, 50.0, 1.0079642534255981, -8.235539436340332, 2, 0, 255, [(0, 1, 8, 9, 7, -51.95424270629883, -39.569435119628906), (1, 1, 9, 4, 8, -73.04576110839844, -10.43056583404541), (0, 0, 0, 0, 0, 0.0, 0.0), (0, 0, 0, 0, 0, 0.0, 0.0)])]
[ (1, 3, 1, 151.5660400390625, 26.637805938720703, 0.0, 0.0, 1.0296885967254639, 0.0, 1, 0, 0, [(1, 1, 1, 4, 0, 151.5660400390625, 26.637805938720703), (0, 0, 0, 0, 0, 0.0, 0.0), (0, 0, 0, 0, 0, 0.0, 0.0), (0, 0, 0, 0, 0, 0.0, 0.0)])]
[ (2, 3, 1, 136.68519592285156, 65.70653533935547, 0.0, 0.0, 1.0999999046325684, 0.0, 1, 0, 1, [(0, 1, 8, 2, 6, 136.68519592285156, 65.70653533935547), (0, 0, 0, 0, 0, 0.0, 0.0), (0, 0, 0, 0, 0, 0.0, 0.0), (0, 0, 0, 0, 0, 0.0, 0.0)])]
[ (3, 3, 1, 119.88999938964844, 18.795724868774414, 0.0, 0.0, 1.0596473217010498, 0.0, 1, 0, 2, [(1, 1, 3, 6, 3, 119.88999938964844, 18.795724868774414), (0, 0, 0, 0, 0, 0.0, 0.0), (0, 0, 0, 0, 0, 0.0, 0.0), (0, 0, 0, 0, 0, 0.0, 0.0)])]
[ (7, 1, 1, 0.0, 0.0, 100.0, 35.0, 1.047979712486267, -6.074957370758057, 2, 0, 255, [(0, 1, 6, 7, 4, -46.54817199707031, -8.474236488342285), (1, 1, 7, 8, 5, -53.45182800292969, -26.5257625579834), (0, 0, 0, 0, 0, 0.0, 0.0), (0, 0, 0, 0, 0, 0.0, 0.0)])]
[ (6, 1, 1, 0.0, 0.0, 30.0, 30.0, 1.051345705986023, -3.6156351566314697, 3, 0, 255, [(0, 1, 5, 6, 2, 43.1060791015625, -6.333680152893066), (0, 1, 3, 6, 3, -119.88999938964844, -11.109979629516602), (1, 1, 6, 7, 4, 46.78392028808594, -12.556339263916016), (0, 0, 0, 0, 0, 0.0, 0.0)])]
[ (5, 1, 1, 0.0, 0.0, 90.0, 30.0, 1.0156679153442383, -7.26861047744751, 2, 0, 255, [(0, 1, 4, 5, 1, -47.61338424682617, -1.2191274166107178), (1, 1, 5, 6, 2, -42.38661575317383, -28.780872344970703), (0, 0, 0, 0, 0, 0.0, 0.0), (0, 0, 0, 0, 0, 0.0, 0.0)])]
[ (4, 1, 1, 0.0, 0.0, 30.0, 30.0, 1.018323302268982, -4.775936126708984, 3, 0, 255, [(0, 1, 1, 4, 0, -151.5660400390625, -13.772321701049805), (1, 1, 4, 5, 1, 47.994895935058594, -13.057869911193848), (0, 1, 9, 4, 8, 73.5711441040039, -3.1698079109191895), (0, 0, 0, 0, 0, 0.0, 0.0)])]
[ (9, 1, 1, 0.0, 0.0, 125.0, 50.0, 1.0079642534255981, -8.235539436340332, 2, 0, 255, [(0, 1, 8, 9, 7, -51.95424270629883, -39.569435119628906), (1, 1, 9, 4, 8, -73.04576110839844, -10.43056583404541), (0, 0, 0, 0, 0, 0.0, 0.0), (0, 0, 0, 0, 0, 0.0, 0.0)])]
[ (8, 1, 1, 0.0, 0.0, 30.0, 30.0, 1.0655007362365723, -4.179872512817383, 3, 0, 255, [(0, 1, 7, 8, 5, 53.698997497558594, 11.979449272155762), (1, 1, 8, 2, 6, -136.68519592285156, -53.82626724243164), (1, 1, 8, 9, 7, 52.9861946105957, 11.846818923950195), (0, 0, 0, 0, 0, 0.0, 0.0)])]
[ (1, 3, 1, 151.5660400390625, 26.637805938720703, 0.0, 0.0, 1.0296885967254639, 0.0, 1, 0, 0, [(1, 1, 1, 4, 0, 151.5660400390625, 26.637805938720703), (0, 0, 0, 0, 0, 0.0, 0.0), (0, 0, 0, 0, 0, 0.0, 0.0), (0, 0, 0, 0, 0, 0.0, 0.0)])]
[ (2, 3, 1, 136.68519592285156, 65.70653533935547, 0.0, 0.0, 1.0999999046325684, 0.0, 1, 0, 1, [(0, 1, 8, 2, 6, 136.68519592285156, 65.70653533935547), (0, 0, 0, 0, 0, 0.0, 0.0), (0, 0, 0, 0, 0, 0.0, 0.0), (0, 0, 0, 0, 0, 0.0, 0.0)])]
[ (5, 1, 1, 0.0, 0.0, 90.0, 30.0, 1.0156679153442383, -7.26861047744751, 2, 0, 255, [(0, 1, 4, 5, 1, -47.61338424682617, -1.2191274166107178), (1, 1, 5, 6, 2, -42.38661575317383, -28.780872344970703), (0, 0, 0, 0, 0, 0.0, 0.0), (0, 0, 0, 0, 0, 0.0, 0.0)])]
[ (4, 1, 1, 0.0, 0.0, 30.0, 30.0, 1.018323302268982, -4.775936126708984, 3, 0, 255, [(0, 1, 1, 4, 0, -151.5660400390625, -13.772321701049805), (1, 1, 4, 5, 1, 47.994895935058594, -13.057869911193848), (0, 1, 9, 4, 8, 73.5711441040039, -3.1698079109191895), (0, 0, 0, 0, 0, 0.0, 0.0)])]
[ (7, 1, 1, 0.0, 0.0, 100.0, 35.0, 1.047979712486267, -6.074957370758057, 2, 0, 255, [(0, 1, 6, 7, 4, -46.54817199707031, -8.474236488342285), (1, 1, 7, 8, 5, -53.45182800292969, -26.5257625579834), (0, 0, 0, 0, 0, 0.0, 0.0), (0, 0, 0, 0, 0, 0.0, 0.0)])]
[ (6, 1, 1, 0.0, 0.0, 30.0, 30.0, 1.051345705986023, -3.6156351566314697, 3, 0, 255, [(0, 1, 5, 6, 2, 43.1060791015625, -6.333680152893066), (0, 1, 3, 6, 3, -119.88999938964844, -11.109979629516602), (1, 1, 6, 7, 4, 46.78392028808594, -12.556339263916016), (0, 0, 0, 0, 0, 0.0, 0.0)])]
[ (3, 3, 1, 119.88999938964844, 18.795724868774414, 0.0, 0.0, 1.0596473217010498, 0.0, 1, 0, 2, [(1, 1, 3, 6, 3, 119.88999938964844, 18.795724868774414), (0, 0, 0, 0, 0, 0.0, 0.0), (0, 0, 0, 0, 0, 0.0, 0.0), (0, 0, 0, 0, 0, 0.0, 0.0)])]
[ (9, 1, 1, 0.0, 0.0, 125.0, 50.0, 1.0079642534255981, -8.235539436340332, 2, 0, 255, [(0, 1, 8, 9, 7, -51.95424270629883, -39.569435119628906), (1, 1, 9, 4, 8, -73.04576110839844, -10.43056583404541), (0, 0, 0, 0, 0, 0.0, 0.0), (0, 0, 0, 0, 0, 0.0, 0.0)])]
[ (8, 1, 1, 0.0, 0.0, 30.0, 30.0, 1.0655007362365723, -4.179872512817383, 3, 0, 255, [(0, 1, 7, 8, 5, 53.698997497558594, 11.979449272155762), (1, 1, 8, 2, 6, -136.68519592285156, -53.82626724243164), (1, 1, 8, 9, 7, 52.9861946105957, 11.846818923950195), (0, 0, 0, 0, 0, 0.0, 0.0)])]
[ (1, 3, 1, 151.5660400390625, 26.637805938720703, 0.0, 0.0, 1.0296885967254639, 0.0, 1, 0, 0, [(1, 1, 1, 4, 0, 151.5660400390625, 26.637805938720703), (0, 0, 0, 0, 0, 0.0, 0.0), (0, 0, 0, 0, 0, 0.0, 0.0), (0, 0, 0, 0, 0, 0.0, 0.0)])]
[ (2, 3, 1, 136.68519592285156, 65.70653533935547, 0.0, 0.0, 1.0999999046325684, 0.0, 1, 0, 1, [(0, 1, 8, 2, 6, 136.68519592285156, 65.70653533935547), (0, 0, 0, 0, 0, 0.0, 0.0), (0, 0, 0, 0, 0, 0.0, 0.0), (0, 0, 0, 0, 0, 0.0, 0.0)])]
[ (3, 3, 1, 119.88999938964844, 18.795724868774414, 0.0, 0.0, 1.0596473217010498, 0.0, 1, 0, 2, [(1, 1, 3, 6, 3, 119.88999938964844, 18.795724868774414), (0, 0, 0, 0, 0, 0.0, 0.0), (0, 0, 0, 0, 0, 0.0, 0.0), (0, 0, 0, 0, 0, 0.0, 0.0)])]
[ (4, 1, 1, 0.0, 0.0, 30.0, 30.0, 1.018323302268982, -4.775936126708984, 3, 0, 255, [(0, 1, 1, 4, 0, -151.5660400390625, -13.772321701049805), (1, 1, 4, 5, 1, 47.994895935058594, -13.057869911193848), (0, 1, 9, 4, 8, 73.5711441040039, -3.1698079109191895), (0, 0, 0, 0, 0, 0.0, 0.0)])]
[ (5, 1, 1, 0.0, 0.0, 90.0, 30.0, 1.0156679153442383, -7.26861047744751, 2, 0, 255, [(0, 1, 4, 5, 1, -47.61338424682617, -1.2191274166107178), (1, 1, 5, 6, 2, -42.38661575317383, -28.780872344970703), (0, 0, 0, 0, 0, 0.0, 0.0), (0, 0, 0, 0, 0, 0.0, 0.0)])]
[ (6, 1, 1, 0.0, 0.0, 30.0, 30.0, 1.051345705986023, -3.6156351566314697, 3, 0, 255, [(0, 1, 5, 6, 2, 43.1060791015625, -6.333680152893066), (0, 1, 3, 6, 3, -119.88999938964844, -11.109979629516602), (1, 1, 6, 7, 4, 46.78392028808594, -12.556339263916016), (0, 0, 0, 0, 0, 0.0, 0.0)])]
[ (9, 1, 1, 0.0, 0.0, 125.0, 50.0, 1.0079642534255981, -8.235539436340332, 2, 0, 255, [(0, 1, 8, 9, 7, -51.95424270629883, -39.569435119628906), (1, 1, 9, 4, 8, -73.04576110839844, -10.43056583404541), (0, 0, 0, 0, 0, 0.0, 0.0), (0, 0, 0, 0, 0, 0.0, 0.0)])]
[ (7, 1, 1, 0.0, 0.0, 100.0, 35.0, 1.047979712486267, -6.074957370758057, 2, 0, 255, [(0, 1, 6, 7, 4, -46.54817199707031, -8.474236488342285), (1, 1, 7, 8, 5, -53.45182800292969, -26.5257625579834), (0, 0, 0, 0, 0, 0.0, 0.0), (0, 0, 0, 0, 0, 0.0, 0.0)])]
[ (8, 1, 1, 0.0, 0.0, 30.0, 30.0, 1.0655007362365723, -4.179872512817383, 3, 0, 255, [(0, 1, 7, 8, 5, 53.698997497558594, 11.979449272155762), (1, 1, 8, 2, 6, -136.68519592285156, -53.82626724243164), (1, 1, 8, 9, 7, 52.9861946105957, 11.846818923950195), (0, 0, 0, 0, 0, 0.0, 0.0)])]
[ (1, 3, 1, 151.5660400390625, 26.637805938720703, 0.0, 0.0, 1.0296885967254639, 0.0, 1, 0, 0, [(1, 1, 1, 4, 0, 151.5660400390625, 26.637805938720703), (0, 0, 0, 0, 0, 0.0, 0.0), (0, 0, 0, 0, 0, 0.0, 0.0), (0, 0, 0, 0, 0, 0.0, 0.0)])]
[ (2, 3, 1, 136.68519592285156, 65.70653533935547, 0.0, 0.0, 1.0999999046325684, 0.0, 1, 0, 1, [(0, 1, 8, 2, 6, 136.68519592285156, 65.70653533935547), (0, 0, 0, 0, 0, 0.0, 0.0), (0, 0, 0, 0, 0, 0.0, 0.0), (0, 0, 0, 0, 0, 0.0, 0.0)])]
[ (4, 1, 1, 0.0, 0.0, 30.0, 30.0, 1.018323302268982, -4.775936126708984, 3, 0, 255, [(0, 1, 1, 4, 0, -151.5660400390625, -13.772321701049805), (1, 1, 4, 5, 1, 47.994895935058594, -13.057869911193848), (0, 1, 9, 4, 8, 73.5711441040039, -3.1698079109191895), (0, 0, 0, 0, 0, 0.0, 0.0)])]
[ (3, 3, 1, 119.88999938964844, 18.795724868774414, 0.0, 0.0, 1.0596473217010498, 0.0, 1, 0, 2, [(1, 1, 3, 6, 3, 119.88999938964844, 18.795724868774414), (0, 0, 0, 0, 0, 0.0, 0.0), (0, 0, 0, 0, 0, 0.0, 0.0), (0, 0, 0, 0, 0, 0.0, 0.0)])]
[ (5, 1, 1, 0.0, 0.0, 90.0, 30.0, 1.0156679153442383, -7.26861047744751, 2, 0, 255, [(0, 1, 4, 5, 1, -47.61338424682617, -1.2191274166107178), (1, 1, 5, 6, 2, -42.38661575317383, -28.780872344970703), (0, 0, 0, 0, 0, 0.0, 0.0), (0, 0, 0, 0, 0, 0.0, 0.0)])]
[ (6, 1, 1, 0.0, 0.0, 30.0, 30.0, 1.051345705986023, -3.6156351566314697, 3, 0, 255, [(0, 1, 5, 6, 2, 43.1060791015625, -6.333680152893066), (0, 1, 3, 6, 3, -119.88999938964844, -11.109979629516602), (1, 1, 6, 7, 4, 46.78392028808594, -12.556339263916016), (0, 0, 0, 0, 0, 0.0, 0.0)])]
[ (7, 1, 1, 0.0, 0.0, 100.0, 35.0, 1.047979712486267, -6.074957370758057, 2, 0, 255, [(0, 1, 6, 7, 4, -46.54817199707031, -8.474236488342285), (1, 1, 7, 8, 5, -53.45182800292969, -26.5257625579834), (0, 0, 0, 0, 0, 0.0, 0.0), (0, 0, 0, 0, 0, 0.0, 0.0)])]
[ (9, 1, 1, 0.0, 0.0, 125.0, 50.0, 1.0079642534255981, -8.235539436340332, 2, 0, 255, [(0, 1, 8, 9, 7, -51.95424270629883, -39.569435119628906), (1, 1, 9, 4, 8, -73.04576110839844, -10.43056583404541), (0, 0, 0, 0, 0, 0.0, 0.0), (0, 0, 0, 0, 0, 0.0, 0.0)])]
[ (8, 1, 1, 0.0, 0.0, 30.0, 30.0, 1.0655007362365723, -4.179872512817383, 3, 0, 255, [(0, 1, 7, 8, 5, 53.698997497558594, 11.979449272155762), (1, 1, 8, 2, 6, -136.68519592285156, -53.82626724243164), (1, 1, 8, 9, 7, 52.9861946105957, 11.846818923950195), (0, 0, 0, 0, 0, 0.0, 0.0)])]
[ (1, 3, 1, 151.5660400390625, 26.637805938720703, 0.0, 0.0, 1.0296885967254639, 0.0, 1, 0, 0, [(1, 1, 1, 4, 0, 151.5660400390625, 26.637805938720703), (0, 0, 0, 0, 0, 0.0, 0.0), (0, 0, 0, 0, 0, 0.0, 0.0), (0, 0, 0, 0, 0, 0.0, 0.0)])]
[ (3, 3, 1, 119.88999938964844, 18.795724868774414, 0.0, 0.0, 1.0596473217010498, 0.0, 1, 0, 2, [(1, 1, 3, 6, 3, 119.88999938964844, 18.795724868774414), (0, 0, 0, 0, 0, 0.0, 0.0), (0, 0, 0, 0, 0, 0.0, 0.0), (0, 0, 0, 0, 0, 0.0, 0.0)])]
[ (2, 3, 1, 136.68519592285156, 65.70653533935547, 0.0, 0.0, 1.0999999046325684, 0.0, 1, 0, 1, [(0, 1, 8, 2, 6, 136.68519592285156, 65.70653533935547), (0, 0, 0, 0, 0, 0.0, 0.0), (0, 0, 0, 0, 0, 0.0, 0.0), (0, 0, 0, 0, 0, 0.0, 0.0)])]
[ (4, 1, 1, 0.0, 0.0, 30.0, 30.0, 1.018323302268982, -4.775936126708984, 3, 0, 255, [(0, 1, 1, 4, 0, -151.5660400390625, -13.772321701049805), (1, 1, 4, 5, 1, 47.994895935058594, -13.057869911193848), (0, 1, 9, 4, 8, 73.5711441040039, -3.1698079109191895), (0, 0, 0, 0, 0, 0.0, 0.0)])]
[ (6, 1, 1, 0.0, 0.0, 30.0, 30.0, 1.051345705986023, -3.6156351566314697, 3, 0, 255, [(0, 1, 5, 6, 2, 43.1060791015625, -6.333680152893066), (0, 1, 3, 6, 3, -119.88999938964844, -11.109979629516602), (1, 1, 6, 7, 4, 46.78392028808594, -12.556339263916016), (0, 0, 0, 0, 0, 0.0, 0.0)])]
[ (5, 1, 1, 0.0, 0.0, 90.0, 30.0, 1.0156679153442383, -7.26861047744751, 2, 0, 255, [(0, 1, 4, 5, 1, -47.61338424682617, -1.2191274166107178), (1, 1, 5, 6, 2, -42.38661575317383, -28.780872344970703), (0, 0, 0, 0, 0, 0.0, 0.0), (0, 0, 0, 0, 0, 0.0, 0.0)])]
[ (7, 1, 1, 0.0, 0.0, 100.0, 35.0, 1.047979712486267, -6.074957370758057, 2, 0, 255, [(0, 1, 6, 7, 4, -46.54817199707031, -8.474236488342285), (1, 1, 7, 8, 5, -53.45182800292969, -26.5257625579834), (0, 0, 0, 0, 0, 0.0, 0.0), (0, 0, 0, 0, 0, 0.0, 0.0)])]
[ (9, 1, 1, 0.0, 0.0, 125.0, 50.0, 1.0079642534255981, -8.235539436340332, 2, 0, 255, [(0, 1, 8, 9, 7, -51.95424270629883, -39.569435119628906), (1, 1, 9, 4, 8, -73.04576110839844, -10.43056583404541), (0, 0, 0, 0, 0, 0.0, 0.0), (0, 0, 0, 0, 0, 0.0, 0.0)])]
[ (8, 1, 1, 0.0, 0.0, 30.0, 30.0, 1.0655007362365723, -4.179872512817383, 3, 0, 255, [(0, 1, 7, 8, 5, 53.698997497558594, 11.979449272155762), (1, 1, 8, 2, 6, -136.68519592285156, -53.82626724243164), (1, 1, 8, 9, 7, 52.9861946105957, 11.846818923950195), (0, 0, 0, 0, 0, 0.0, 0.0)])]
[ (1, 3, 1, 151.5660400390625, 26.637805938720703, 0.0, 0.0, 1.0296885967254639, 0.0, 1, 0, 0, [(1, 1, 1, 4, 0, 151.5660400390625, 26.637805938720703), (0, 0, 0, 0, 0, 0.0, 0.0), (0, 0, 0, 0, 0, 0.0, 0.0), (0, 0, 0, 0, 0, 0.0, 0.0)])]
[ (2, 3, 1, 136.68519592285156, 65.70653533935547, 0.0, 0.0, 1.0999999046325684, 0.0, 1, 0, 1, [(0, 1, 8, 2, 6, 136.68519592285156, 65.70653533935547), (0, 0, 0, 0, 0, 0.0, 0.0), (0, 0, 0, 0, 0, 0.0, 0.0), (0, 0, 0, 0, 0, 0.0, 0.0)])]
[ (5, 1, 1, 0.0, 0.0, 90.0, 30.0, 1.0156679153442383, -7.26861047744751, 2, 0, 255, [(0, 1, 4, 5, 1, -47.61338424682617, -1.2191274166107178), (1, 1, 5, 6, 2, -42.38661575317383, -28.780872344970703), (0, 0, 0, 0, 0, 0.0, 0.0), (0, 0, 0, 0, 0, 0.0, 0.0)])]
[ (7, 1, 1, 0.0, 0.0, 100.0, 35.0, 1.047979712486267, -6.074957370758057, 2, 0, 255, [(0, 1, 6, 7, 4, -46.54817199707031, -8.474236488342285), (1, 1, 7, 8, 5, -53.45182800292969, -26.5257625579834), (0, 0, 0, 0, 0, 0.0, 0.0), (0, 0, 0, 0, 0, 0.0, 0.0)])]
[ (3, 3, 1, 119.88999938964844, 18.795724868774414, 0.0, 0.0, 1.0596473217010498, 0.0, 1, 0, 2, [(1, 1, 3, 6, 3, 119.88999938964844, 18.795724868774414), (0, 0, 0, 0, 0, 0.0, 0.0), (0, 0, 0, 0, 0, 0.0, 0.0), (0, 0, 0, 0, 0, 0.0, 0.0)])]
[ (6, 1, 1, 0.0, 0.0, 30.0, 30.0, 1.051345705986023, -3.6156351566314697, 3, 0, 255, [(0, 1, 5, 6, 2, 43.1060791015625, -6.333680152893066), (0, 1, 3, 6, 3, -119.88999938964844, -11.109979629516602), (1, 1, 6, 7, 4, 46.78392028808594, -12.556339263916016), (0, 0, 0, 0, 0, 0.0, 0.0)])]
[ (4, 1, 1, 0.0, 0.0, 30.0, 30.0, 1.018323302268982, -4.775936126708984, 3, 0, 255, [(0, 1, 1, 4, 0, -151.5660400390625, -13.772321701049805), (1, 1, 4, 5, 1, 47.994895935058594, -13.057869911193848), (0, 1, 9, 4, 8, 73.5711441040039, -3.1698079109191895), (0, 0, 0, 0, 0, 0.0, 0.0)])]
[ (9, 1, 1, 0.0, 0.0, 125.0, 50.0, 1.0079642534255981, -8.235539436340332, 2, 0, 255, [(0, 1, 8, 9, 7, -51.95424270629883, -39.569435119628906), (1, 1, 9, 4, 8, -73.04576110839844, -10.43056583404541), (0, 0, 0, 0, 0, 0.0, 0.0), (0, 0, 0, 0, 0, 0.0, 0.0)])]
[ (8, 1, 1, 0.0, 0.0, 30.0, 30.0, 1.0655007362365723, -4.179872512817383, 3, 0, 255, [(0, 1, 7, 8, 5, 53.698997497558594, 11.979449272155762), (1, 1, 8, 2, 6, -136.68519592285156, -53.82626724243164), (1, 1, 8, 9, 7, 52.9861946105957, 11.846818923950195), (0, 0, 0, 0, 0, 0.0, 0.0)])]
[ (1, 3, 1, 151.5660400390625, 26.637805938720703, 0.0, 0.0, 1.0296885967254639, 0.0, 1, 0, 0, [(1, 1, 1, 4, 0, 151.5660400390625, 26.637805938720703), (0, 0, 0, 0, 0, 0.0, 0.0), (0, 0, 0, 0, 0, 0.0, 0.0), (0, 0, 0, 0, 0, 0.0, 0.0)])]
[ (2, 3, 1, 136.68519592285156, 65.70653533935547, 0.0, 0.0, 1.0999999046325684, 0.0, 1, 0, 1, [(0, 1, 8, 2, 6, 136.68519592285156, 65.70653533935547), (0, 0, 0, 0, 0, 0.0, 0.0), (0, 0, 0, 0, 0, 0.0, 0.0), (0, 0, 0, 0, 0, 0.0, 0.0)])]
[ (5, 1, 1, 0.0, 0.0, 90.0, 30.0, 1.0156679153442383, -7.26861047744751, 2, 0, 255, [(0, 1, 4, 5, 1, -47.61338424682617, -1.2191274166107178), (1, 1, 5, 6, 2, -42.38661575317383, -28.780872344970703), (0, 0, 0, 0, 0, 0.0, 0.0), (0, 0, 0, 0, 0, 0.0, 0.0)])]
[ (7, 1, 1, 0.0, 0.0, 100.0, 35.0, 1.047979712486267, -6.074957370758057, 2, 0, 255, [(0, 1, 6, 7, 4, -46.54817199707031, -8.474236488342285), (1, 1, 7, 8, 5, -53.45182800292969, -26.5257625579834), (0, 0, 0, 0, 0, 0.0, 0.0), (0, 0, 0, 0, 0, 0.0, 0.0)])]
[ (3, 3, 1, 119.88999938964844, 18.795724868774414, 0.0, 0.0, 1.0596473217010498, 0.0, 1, 0, 2, [(1, 1, 3, 6, 3, 119.88999938964844, 18.795724868774414), (0, 0, 0, 0, 0, 0.0, 0.0), (0, 0, 0, 0, 0, 0.0, 0.0), (0, 0, 0, 0, 0, 0.0, 0.0)])]
[ (4, 1, 1, 0.0, 0.0, 30.0, 30.0, 1.018323302268982, -4.775936126708984, 3, 0, 255, [(0, 1, 1, 4, 0, -151.5660400390625, -13.772321701049805), (1, 1, 4, 5, 1, 47.994895935058594, -13.057869911193848), (0, 1, 9, 4, 8, 73.5711441040039, -3.1698079109191895), (0, 0, 0, 0, 0, 0.0, 0.0)])]
[ (6, 1, 1, 0.0, 0.0, 30.0, 30.0, 1.051345705986023, -3.6156351566314697, 3, 0, 255, [(0, 1, 5, 6, 2, 43.1060791015625, -6.333680152893066), (0, 1, 3, 6, 3, -119.88999938964844, -11.109979629516602), (1, 1, 6, 7, 4, 46.78392028808594, -12.556339263916016), (0, 0, 0, 0, 0, 0.0, 0.0)])]
[ (9, 1, 1, 0.0, 0.0, 125.0, 50.0, 1.0079642534255981, -8.235539436340332, 2, 0, 255, [(0, 1, 8, 9, 7, -51.95424270629883, -39.569435119628906), (1, 1, 9, 4, 8, -73.04576110839844, -10.43056583404541), (0, 0, 0, 0, 0, 0.0, 0.0), (0, 0, 0, 0, 0, 0.0, 0.0)])]
[ (8, 1, 1, 0.0, 0.0, 30.0, 30.0, 1.0655007362365723, -4.179872512817383, 3, 0, 255, [(0, 1, 7, 8, 5, 53.698997497558594, 11.979449272155762), (1, 1, 8, 2, 6, -136.68519592285156, -53.82626724243164), (1, 1, 8, 9, 7, 52.9861946105957, 11.846818923950195), (0, 0, 0, 0, 0, 0.0, 0.0)])]
[ (2, 3, 1, 136.68519592285156, 65.70653533935547, 0.0, 0.0, 1.0999999046325684, 0.0, 1, 0, 1, [(0, 1, 8, 2, 6, 136.68519592285156, 65.70653533935547), (0, 0, 0, 0, 0, 0.0, 0.0), (0, 0, 0, 0, 0, 0.0, 0.0), (0, 0, 0, 0, 0, 0.0, 0.0)])]
[ (1, 3, 1, 151.5660400390625, 26.637805938720703, 0.0, 0.0, 1.0296885967254639, 0.0, 1, 0, 0, [(1, 1, 1, 4, 0, 151.5660400390625, 26.637805938720703), (0, 0, 0, 0, 0, 0.0, 0.0), (0, 0, 0, 0, 0, 0.0, 0.0), (0, 0, 0, 0, 0, 0.0, 0.0)])]
[ (5, 1, 1, 0.0, 0.0, 90.0, 30.0, 1.0156679153442383, -7.26861047744751, 2, 0, 255, [(0, 1, 4, 5, 1, -47.61338424682617, -1.2191274166107178), (1, 1, 5, 6, 2, -42.38661575317383, -28.780872344970703), (0, 0, 0, 0, 0, 0.0, 0.0), (0, 0, 0, 0, 0, 0.0, 0.0)])]
[ (3, 3, 1, 119.88999938964844, 18.795724868774414, 0.0, 0.0, 1.0596473217010498, 0.0, 1, 0, 2, [(1, 1, 3, 6, 3, 119.88999938964844, 18.795724868774414), (0, 0, 0, 0, 0, 0.0, 0.0), (0, 0, 0, 0, 0, 0.0, 0.0), (0, 0, 0, 0, 0, 0.0, 0.0)])]
[ (4, 1, 1, 0.0, 0.0, 30.0, 30.0, 1.018323302268982, -4.775936126708984, 3, 0, 255, [(0, 1, 1, 4, 0, -151.5660400390625, -13.772321701049805), (1, 1, 4, 5, 1, 47.994895935058594, -13.057869911193848), (0, 1, 9, 4, 8, 73.5711441040039, -3.1698079109191895), (0, 0, 0, 0, 0, 0.0, 0.0)])]
[ (7, 1, 1, 0.0, 0.0, 100.0, 35.0, 1.047979712486267, -6.074957370758057, 2, 0, 255, [(0, 1, 6, 7, 4, -46.54817199707031, -8.474236488342285), (1, 1, 7, 8, 5, -53.45182800292969, -26.5257625579834), (0, 0, 0, 0, 0, 0.0, 0.0), (0, 0, 0, 0, 0, 0.0, 0.0)])]
[ (6, 1, 1, 0.0, 0.0, 30.0, 30.0, 1.051345705986023, -3.6156351566314697, 3, 0, 255, [(0, 1, 5, 6, 2, 43.1060791015625, -6.333680152893066), (0, 1, 3, 6, 3, -119.88999938964844, -11.109979629516602), (1, 1, 6, 7, 4, 46.78392028808594, -12.556339263916016), (0, 0, 0, 0, 0, 0.0, 0.0)])]
[ (8, 1, 1, 0.0, 0.0, 30.0, 30.0, 1.0655007362365723, -4.179872512817383, 3, 0, 255, [(0, 1, 7, 8, 5, 53.698997497558594, 11.979449272155762), (1, 1, 8, 2, 6, -136.68519592285156, -53.82626724243164), (1, 1, 8, 9, 7, 52.9861946105957, 11.846818923950195), (0, 0, 0, 0, 0, 0.0, 0.0)])]
[ (9, 1, 1, 0.0, 0.0, 125.0, 50.0, 1.0079642534255981, -8.235539436340332, 2, 0, 255, [(0, 1, 8, 9, 7, -51.95424270629883, -39.569435119628906), (1, 1, 9, 4, 8, -73.04576110839844, -10.43056583404541), (0, 0, 0, 0, 0, 0.0, 0.0), (0, 0, 0, 0, 0, 0.0, 0.0)])]
[ (1, 3, 1, 151.5660400390625, 26.637805938720703, 0.0, 0.0, 1.0296885967254639, 0.0, 1, 0, 0, [(1, 1, 1, 4, 0, 151.5660400390625, 26.637805938720703), (0, 0, 0, 0, 0, 0.0, 0.0), (0, 0, 0, 0, 0, 0.0, 0.0), (0, 0, 0, 0, 0, 0.0, 0.0)])]
[ (2, 3, 1, 136.68519592285156, 65.70653533935547, 0.0, 0.0, 1.0999999046325684, 0.0, 1, 0, 1, [(0, 1, 8, 2, 6, 136.68519592285156, 65.70653533935547), (0, 0, 0, 0, 0, 0.0, 0.0), (0, 0, 0, 0, 0, 0.0, 0.0), (0, 0, 0, 0, 0, 0.0, 0.0)])]
[ (5, 1, 1, 0.0, 0.0, 90.0, 30.0, 1.0156679153442383, -7.26861047744751, 2, 0, 255, [(0, 1, 4, 5, 1, -47.61338424682617, -1.2191274166107178), (1, 1, 5, 6, 2, -42.38661575317383, -28.780872344970703), (0, 0, 0, 0, 0, 0.0, 0.0), (0, 0, 0, 0, 0, 0.0, 0.0)])]
[ (6, 1, 1, 0.0, 0.0, 30.0, 30.0, 1.051345705986023, -3.6156351566314697, 3, 0, 255, [(0, 1, 5, 6, 2, 43.1060791015625, -6.333680152893066), (0, 1, 3, 6, 3, -119.88999938964844, -11.109979629516602), (1, 1, 6, 7, 4, 46.78392028808594, -12.556339263916016), (0, 0, 0, 0, 0, 0.0, 0.0)])]
[ (3, 3, 1, 119.88999938964844, 18.795724868774414, 0.0, 0.0, 1.0596473217010498, 0.0, 1, 0, 2, [(1, 1, 3, 6, 3, 119.88999938964844, 18.795724868774414), (0, 0, 0, 0, 0, 0.0, 0.0), (0, 0, 0, 0, 0, 0.0, 0.0), (0, 0, 0, 0, 0, 0.0, 0.0)])]
[ (4, 1, 1, 0.0, 0.0, 30.0, 30.0, 1.018323302268982, -4.775936126708984, 3, 0, 255, [(0, 1, 1, 4, 0, -151.5660400390625, -13.772321701049805), (1, 1, 4, 5, 1, 47.994895935058594, -13.057869911193848), (0, 1, 9, 4, 8, 73.5711441040039, -3.1698079109191895), (0, 0, 0, 0, 0, 0.0, 0.0)])]
[ (7, 1, 1, 0.0, 0.0, 100.0, 35.0, 1.047979712486267, -6.074957370758057, 2, 0, 255, [(0, 1, 6, 7, 4, -46.54817199707031, -8.474236488342285), (1, 1, 7, 8, 5, -53.45182800292969, -26.5257625579834), (0, 0, 0, 0, 0, 0.0, 0.0), (0, 0, 0, 0, 0, 0.0, 0.0)])]
[ (9, 1, 1, 0.0, 0.0, 125.0, 50.0, 1.0079642534255981, -8.235539436340332, 2, 0, 255, [(0, 1, 8, 9, 7, -51.95424270629883, -39.569435119628906), (1, 1, 9, 4, 8, -73.04576110839844, -10.43056583404541), (0, 0, 0, 0, 0, 0.0, 0.0), (0, 0, 0, 0, 0, 0.0, 0.0)])]
[ (8, 1, 1, 0.0, 0.0, 30.0, 30.0, 1.0655007362365723, -4.179872512817383, 3, 0, 255, [(0, 1, 7, 8, 5, 53.698997497558594, 11.979449272155762), (1, 1, 8, 2, 6, -136.68519592285156, -53.82626724243164), (1, 1, 8, 9, 7, 52.9861946105957, 11.846818923950195), (0, 0, 0, 0, 0, 0.0, 0.0)])]
[ (1, 3, 1, 151.5660400390625, 26.637805938720703, 0.0, 0.0, 1.0296885967254639, 0.0, 1, 0, 0, [(1, 1, 1, 4, 0, 151.5660400390625, 26.637805938720703), (0, 0, 0, 0, 0, 0.0, 0.0), (0, 0, 0, 0, 0, 0.0, 0.0), (0, 0, 0, 0, 0, 0.0, 0.0)])]
[ (2, 3, 1, 136.68519592285156, 65.70653533935547, 0.0, 0.0, 1.0999999046325684, 0.0, 1, 0, 1, [(0, 1, 8, 2, 6, 136.68519592285156, 65.70653533935547), (0, 0, 0, 0, 0, 0.0, 0.0), (0, 0, 0, 0, 0, 0.0, 0.0), (0, 0, 0, 0, 0, 0.0, 0.0)])]
[ (5, 1, 1, 0.0, 0.0, 90.0, 30.0, 1.0156679153442383, -7.26861047744751, 2, 0, 255, [(0, 1, 4, 5, 1, -47.61338424682617, -1.2191274166107178), (1, 1, 5, 6, 2, -42.38661575317383, -28.780872344970703), (0, 0, 0, 0, 0, 0.0, 0.0), (0, 0, 0, 0, 0, 0.0, 0.0)])]
[ (9, 1, 1, 0.0, 0.0, 125.0, 50.0, 1.0079642534255981, -8.235539436340332, 2, 0, 255, [(0, 1, 8, 9, 7, -51.95424270629883, -39.569435119628906), (1, 1, 9, 4, 8, -73.04576110839844, -10.43056583404541), (0, 0, 0, 0, 0, 0.0, 0.0), (0, 0, 0, 0, 0, 0.0, 0.0)])]
[ (7, 1, 1, 0.0, 0.0, 100.0, 35.0, 1.047979712486267, -6.074957370758057, 2, 0, 255, [(0, 1, 6, 7, 4, -46.54817199707031, -8.474236488342285), (1, 1, 7, 8, 5, -53.45182800292969, -26.5257625579834), (0, 0, 0, 0, 0, 0.0, 0.0), (0, 0, 0, 0, 0, 0.0, 0.0)])]
[ (8, 1, 1, 0.0, 0.0, 30.0, 30.0, 1.0655007362365723, -4.179872512817383, 3, 0, 255, [(0, 1, 7, 8, 5, 53.698997497558594, 11.979449272155762), (1, 1, 8, 2, 6, -136.68519592285156, -53.82626724243164), (1, 1, 8, 9, 7, 52.9861946105957, 11.846818923950195), (0, 0, 0, 0, 0, 0.0, 0.0)])]
[ (4, 1, 1, 0.0, 0.0, 30.0, 30.0, 1.018323302268982, -4.775936126708984, 3, 0, 255, [(0, 1, 1, 4, 0, -151.5660400390625, -13.772321701049805), (1, 1, 4, 5, 1, 47.994895935058594, -13.057869911193848), (0, 1, 9, 4, 8, 73.5711441040039, -3.1698079109191895), (0, 0, 0, 0, 0, 0.0, 0.0)])]
[ (6, 1, 1, 0.0, 0.0, 30.0, 30.0, 1.051345705986023, -3.6156351566314697, 3, 0, 255, [(0, 1, 5, 6, 2, 43.1060791015625, -6.333680152893066), (0, 1, 3, 6, 3, -119.88999938964844, -11.109979629516602), (1, 1, 6, 7, 4, 46.78392028808594, -12.556339263916016), (0, 0, 0, 0, 0, 0.0, 0.0)])]
[ (3, 3, 1, 119.88999938964844, 18.795724868774414, 0.0, 0.0, 1.0596473217010498, 0.0, 1, 0, 2, [(1, 1, 3, 6, 3, 119.88999938964844, 18.795724868774414), (0, 0, 0, 0, 0, 0.0, 0.0), (0, 0, 0, 0, 0, 0.0, 0.0), (0, 0, 0, 0, 0, 0.0, 0.0)])]
[ (1, 3, 1, 151.5660400390625, 26.637805938720703, 0.0, 0.0, 1.0296885967254639, 0.0, 1, 0, 0, [(1, 1, 1, 4, 0, 151.5660400390625, 26.637805938720703), (0, 0, 0, 0, 0, 0.0, 0.0), (0, 0, 0, 0, 0, 0.0, 0.0), (0, 0, 0, 0, 0, 0.0, 0.0)])]
[ (2, 3, 1, 136.68519592285156, 65.70653533935547, 0.0, 0.0, 1.0999999046325684, 0.0, 1, 0, 1, [(0, 1, 8, 2, 6, 136.68519592285156, 65.70653533935547), (0, 0, 0, 0, 0, 0.0, 0.0), (0, 0, 0, 0, 0, 0.0, 0.0), (0, 0, 0, 0, 0, 0.0, 0.0)])]
[ (5, 1, 1, 0.0, 0.0, 90.0, 30.0, 1.0156679153442383, -7.26861047744751, 2, 0, 255, [(0, 1, 4, 5, 1, -47.61338424682617, -1.2191274166107178), (1, 1, 5, 6, 2, -42.38661575317383, -28.780872344970703), (0, 0, 0, 0, 0, 0.0, 0.0), (0, 0, 0, 0, 0, 0.0, 0.0)])]
[ (7, 1, 1, 0.0, 0.0, 100.0, 35.0, 1.047979712486267, -6.074957370758057, 2, 0, 255, [(0, 1, 6, 7, 4, -46.54817199707031, -8.474236488342285), (1, 1, 7, 8, 5, -53.45182800292969, -26.5257625579834), (0, 0, 0, 0, 0, 0.0, 0.0), (0, 0, 0, 0, 0, 0.0, 0.0)])]
[ (3, 3, 1, 119.88999938964844, 18.795724868774414, 0.0, 0.0, 1.0596473217010498, 0.0, 1, 0, 2, [(1, 1, 3, 6, 3, 119.88999938964844, 18.795724868774414), (0, 0, 0, 0, 0, 0.0, 0.0), (0, 0, 0, 0, 0, 0.0, 0.0), (0, 0, 0, 0, 0, 0.0, 0.0)])]
[ (4, 1, 1, 0.0, 0.0, 30.0, 30.0, 1.018323302268982, -4.775936126708984, 3, 0, 255, [(0, 1, 1, 4, 0, -151.5660400390625, -13.772321701049805), (1, 1, 4, 5, 1, 47.994895935058594, -13.057869911193848), (0, 1, 9, 4, 8, 73.5711441040039, -3.1698079109191895), (0, 0, 0, 0, 0, 0.0, 0.0)])]
[ (6, 1, 1, 0.0, 0.0, 30.0, 30.0, 1.051345705986023, -3.6156351566314697, 3, 0, 255, [(0, 1, 5, 6, 2, 43.1060791015625, -6.333680152893066), (0, 1, 3, 6, 3, -119.88999938964844, -11.109979629516602), (1, 1, 6, 7, 4, 46.78392028808594, -12.556339263916016), (0, 0, 0, 0, 0, 0.0, 0.0)])]
[ (9, 1, 1, 0.0, 0.0, 125.0, 50.0, 1.0079642534255981, -8.235539436340332, 2, 0, 255, [(0, 1, 8, 9, 7, -51.95424270629883, -39.569435119628906), (1, 1, 9, 4, 8, -73.04576110839844, -10.43056583404541), (0, 0, 0, 0, 0, 0.0, 0.0), (0, 0, 0, 0, 0, 0.0, 0.0)])]
[ (8, 1, 1, 0.0, 0.0, 30.0, 30.0, 1.0655007362365723, -4.179872512817383, 3, 0, 255, [(0, 1, 7, 8, 5, 53.698997497558594, 11.979449272155762), (1, 1, 8, 2, 6, -136.68519592285156, -53.82626724243164), (1, 1, 8, 9, 7, 52.9861946105957, 11.846818923950195), (0, 0, 0, 0, 0, 0.0, 0.0)])]
[ (2, 3, 1, 136.68519592285156, 65.70653533935547, 0.0, 0.0, 1.0999999046325684, 0.0, 1, 0, 1, [(0, 1, 8, 2, 6, 136.68519592285156, 65.70653533935547), (0, 0, 0, 0, 0, 0.0, 0.0), (0, 0, 0, 0, 0, 0.0, 0.0), (0, 0, 0, 0, 0, 0.0, 0.0)])]
[ (1, 3, 1, 151.5660400390625, 26.637805938720703, 0.0, 0.0, 1.0296885967254639, 0.0, 1, 0, 0, [(1, 1, 1, 4, 0, 151.5660400390625, 26.637805938720703), (0, 0, 0, 0, 0, 0.0, 0.0), (0, 0, 0, 0, 0, 0.0, 0.0), (0, 0, 0, 0, 0, 0.0, 0.0)])]
[ (5, 1, 1, 0.0, 0.0, 90.0, 30.0, 1.0156679153442383, -7.26861047744751, 2, 0, 255, [(0, 1, 4, 5, 1, -47.61338424682617, -1.2191274166107178), (1, 1, 5, 6, 2, -42.38661575317383, -28.780872344970703), (0, 0, 0, 0, 0, 0.0, 0.0), (0, 0, 0, 0, 0, 0.0, 0.0)])]
[ (6, 1, 1, 0.0, 0.0, 30.0, 30.0, 1.051345705986023, -3.6156351566314697, 3, 0, 255, [(0, 1, 5, 6, 2, 43.1060791015625, -6.333680152893066), (0, 1, 3, 6, 3, -119.88999938964844, -11.109979629516602), (1, 1, 6, 7, 4, 46.78392028808594, -12.556339263916016), (0, 0, 0, 0, 0, 0.0, 0.0)])]
[ (3, 3, 1, 119.88999938964844, 18.795724868774414, 0.0, 0.0, 1.0596473217010498, 0.0, 1, 0, 2, [(1, 1, 3, 6, 3, 119.88999938964844, 18.795724868774414), (0, 0, 0, 0, 0, 0.0, 0.0), (0, 0, 0, 0, 0, 0.0, 0.0), (0, 0, 0, 0, 0, 0.0, 0.0)])]
[ (4, 1, 1, 0.0, 0.0, 30.0, 30.0, 1.018323302268982, -4.775936126708984, 3, 0, 255, [(0, 1, 1, 4, 0, -151.5660400390625, -13.772321701049805), (1, 1, 4, 5, 1, 47.994895935058594, -13.057869911193848), (0, 1, 9, 4, 8, 73.5711441040039, -3.1698079109191895), (0, 0, 0, 0, 0, 0.0, 0.0)])]
[ (7, 1, 1, 0.0, 0.0, 100.0, 35.0, 1.047979712486267, -6.074957370758057, 2, 0, 255, [(0, 1, 6, 7, 4, -46.54817199707031, -8.474236488342285), (1, 1, 7, 8, 5, -53.45182800292969, -26.5257625579834), (0, 0, 0, 0, 0, 0.0, 0.0), (0, 0, 0, 0, 0, 0.0, 0.0)])]
[ (9, 1, 1, 0.0, 0.0, 125.0, 50.0, 1.0079642534255981, -8.235539436340332, 2, 0, 255, [(0, 1, 8, 9, 7, -51.95424270629883, -39.569435119628906), (1, 1, 9, 4, 8, -73.04576110839844, -10.43056583404541), (0, 0, 0, 0, 0, 0.0, 0.0), (0, 0, 0, 0, 0, 0.0, 0.0)])]
[ (8, 1, 1, 0.0, 0.0, 30.0, 30.0, 1.0655007362365723, -4.179872512817383, 3, 0, 255, [(0, 1, 7, 8, 5, 53.698997497558594, 11.979449272155762), (1, 1, 8, 2, 6, -136.68519592285156, -53.82626724243164), (1, 1, 8, 9, 7, 52.9861946105957, 11.846818923950195), (0, 0, 0, 0, 0, 0.0, 0.0)])]
[ (1, 3, 1, 151.5660400390625, 26.637805938720703, 0.0, 0.0, 1.0296885967254639, 0.0, 1, 0, 0, [(1, 1, 1, 4, 0, 151.5660400390625, 26.637805938720703), (0, 0, 0, 0, 0, 0.0, 0.0), (0, 0, 0, 0, 0, 0.0, 0.0), (0, 0, 0, 0, 0, 0.0, 0.0)])]
[ (3, 3, 1, 119.88999938964844, 18.795724868774414, 0.0, 0.0, 1.0596473217010498, 0.0, 1, 0, 2, [(1, 1, 3, 6, 3, 119.88999938964844, 18.795724868774414), (0, 0, 0, 0, 0, 0.0, 0.0), (0, 0, 0, 0, 0, 0.0, 0.0), (0, 0, 0, 0, 0, 0.0, 0.0)])]
[ (2, 3, 1, 136.68519592285156, 65.70653533935547, 0.0, 0.0, 1.0999999046325684, 0.0, 1, 0, 1, [(0, 1, 8, 2, 6, 136.68519592285156, 65.70653533935547), (0, 0, 0, 0, 0, 0.0, 0.0), (0, 0, 0, 0, 0, 0.0, 0.0), (0, 0, 0, 0, 0, 0.0, 0.0)])]
[ (6, 1, 1, 0.0, 0.0, 30.0, 30.0, 1.051345705986023, -3.6156351566314697, 3, 0, 255, [(0, 1, 5, 6, 2, 43.1060791015625, -6.333680152893066), (0, 1, 3, 6, 3, -119.88999938964844, -11.109979629516602), (1, 1, 6, 7, 4, 46.78392028808594, -12.556339263916016), (0, 0, 0, 0, 0, 0.0, 0.0)])]
[ (5, 1, 1, 0.0, 0.0, 90.0, 30.0, 1.0156679153442383, -7.26861047744751, 2, 0, 255, [(0, 1, 4, 5, 1, -47.61338424682617, -1.2191274166107178), (1, 1, 5, 6, 2, -42.38661575317383, -28.780872344970703), (0, 0, 0, 0, 0, 0.0, 0.0), (0, 0, 0, 0, 0, 0.0, 0.0)])]
[ (4, 1, 1, 0.0, 0.0, 30.0, 30.0, 1.018323302268982, -4.775936126708984, 3, 0, 255, [(0, 1, 1, 4, 0, -151.5660400390625, -13.772321701049805), (1, 1, 4, 5, 1, 47.994895935058594, -13.057869911193848), (0, 1, 9, 4, 8, 73.5711441040039, -3.1698079109191895), (0, 0, 0, 0, 0, 0.0, 0.0)])]
[ (7, 1, 1, 0.0, 0.0, 100.0, 35.0, 1.047979712486267, -6.074957370758057, 2, 0, 255, [(0, 1, 6, 7, 4, -46.54817199707031, -8.474236488342285), (1, 1, 7, 8, 5, -53.45182800292969, -26.5257625579834), (0, 0, 0, 0, 0, 0.0, 0.0), (0, 0, 0, 0, 0, 0.0, 0.0)])]
[ (9, 1, 1, 0.0, 0.0, 125.0, 50.0, 1.0079642534255981, -8.235539436340332, 2, 0, 255, [(0, 1, 8, 9, 7, -51.95424270629883, -39.569435119628906), (1, 1, 9, 4, 8, -73.04576110839844, -10.43056583404541), (0, 0, 0, 0, 0, 0.0, 0.0), (0, 0, 0, 0, 0, 0.0, 0.0)])]
[ (8, 1, 1, 0.0, 0.0, 30.0, 30.0, 1.0655007362365723, -4.179872512817383, 3, 0, 255, [(0, 1, 7, 8, 5, 53.698997497558594, 11.979449272155762), (1, 1, 8, 2, 6, -136.68519592285156, -53.82626724243164), (1, 1, 8, 9, 7, 52.9861946105957, 11.846818923950195), (0, 0, 0, 0, 0, 0.0, 0.0)])]
[ (1, 3, 1, 151.5660400390625, 26.637805938720703, 0.0, 0.0, 1.0296885967254639, 0.0, 1, 0, 0, [(1, 1, 1, 4, 0, 151.5660400390625, 26.637805938720703), (0, 0, 0, 0, 0, 0.0, 0.0), (0, 0, 0, 0, 0, 0.0, 0.0), (0, 0, 0, 0, 0, 0.0, 0.0)])]
[ (2, 3, 1, 136.68519592285156, 65.70653533935547, 0.0, 0.0, 1.0999999046325684, 0.0, 1, 0, 1, [(0, 1, 8, 2, 6, 136.68519592285156, 65.70653533935547), (0, 0, 0, 0, 0, 0.0, 0.0), (0, 0, 0, 0, 0, 0.0, 0.0), (0, 0, 0, 0, 0, 0.0, 0.0)])]
[ (3, 3, 1, 119.88999938964844, 18.795724868774414, 0.0, 0.0, 1.0596473217010498, 0.0, 1, 0, 2, [(1, 1, 3, 6, 3, 119.88999938964844, 18.795724868774414), (0, 0, 0, 0, 0, 0.0, 0.0), (0, 0, 0, 0, 0, 0.0, 0.0), (0, 0, 0, 0, 0, 0.0, 0.0)])]
[ (6, 1, 1, 0.0, 0.0, 30.0, 30.0, 1.051345705986023, -3.6156351566314697, 3, 0, 255, [(0, 1, 5, 6, 2, 43.1060791015625, -6.333680152893066), (0, 1, 3, 6, 3, -119.88999938964844, -11.109979629516602), (1, 1, 6, 7, 4, 46.78392028808594, -12.556339263916016), (0, 0, 0, 0, 0, 0.0, 0.0)])]
[ (5, 1, 1, 0.0, 0.0, 90.0, 30.0, 1.0156679153442383, -7.26861047744751, 2, 0, 255, [(0, 1, 4, 5, 1, -47.61338424682617, -1.2191274166107178), (1, 1, 5, 6, 2, -42.38661575317383, -28.780872344970703), (0, 0, 0, 0, 0, 0.0, 0.0), (0, 0, 0, 0, 0, 0.0, 0.0)])]
[ (4, 1, 1, 0.0, 0.0, 30.0, 30.0, 1.018323302268982, -4.775936126708984, 3, 0, 255, [(0, 1, 1, 4, 0, -151.5660400390625, -13.772321701049805), (1, 1, 4, 5, 1, 47.994895935058594, -13.057869911193848), (0, 1, 9, 4, 8, 73.5711441040039, -3.1698079109191895), (0, 0, 0, 0, 0, 0.0, 0.0)])]
[ (7, 1, 1, 0.0, 0.0, 100.0, 35.0, 1.047979712486267, -6.074957370758057, 2, 0, 255, [(0, 1, 6, 7, 4, -46.54817199707031, -8.474236488342285), (1, 1, 7, 8, 5, -53.45182800292969, -26.5257625579834), (0, 0, 0, 0, 0, 0.0, 0.0), (0, 0, 0, 0, 0, 0.0, 0.0)])]
[ (9, 1, 1, 0.0, 0.0, 125.0, 50.0, 1.0079642534255981, -8.235539436340332, 2, 0, 255, [(0, 1, 8, 9, 7, -51.95424270629883, -39.569435119628906), (1, 1, 9, 4, 8, -73.04576110839844, -10.43056583404541), (0, 0, 0, 0, 0, 0.0, 0.0), (0, 0, 0, 0, 0, 0.0, 0.0)])]
[ (8, 1, 1, 0.0, 0.0, 30.0, 30.0, 1.0655007362365723, -4.179872512817383, 3, 0, 255, [(0, 1, 7, 8, 5, 53.698997497558594, 11.979449272155762), (1, 1, 8, 2, 6, -136.68519592285156, -53.82626724243164), (1, 1, 8, 9, 7, 52.9861946105957, 11.846818923950195), (0, 0, 0, 0, 0, 0.0, 0.0)])]
[ (6, 1, 1, 0.0, 0.0, 30.0, 30.0, 1.051345705986023, -3.6156351566314697, 3, 0, 255, [(0, 1, 5, 6, 2, 43.1060791015625, -6.333680152893066), (0, 1, 3, 6, 3, -119.88999938964844, -11.109979629516602), (1, 1, 6, 7, 4, 46.78392028808594, -12.556339263916016), (0, 0, 0, 0, 0, 0.0, 0.0)])]
[ (2, 3, 1, 136.68519592285156, 65.70653533935547, 0.0, 0.0, 1.0999999046325684, 0.0, 1, 0, 1, [(0, 1, 8, 2, 6, 136.68519592285156, 65.70653533935547), (0, 0, 0, 0, 0, 0.0, 0.0), (0, 0, 0, 0, 0, 0.0, 0.0), (0, 0, 0, 0, 0, 0.0, 0.0)])]
[ (8, 1, 1, 0.0, 0.0, 30.0, 30.0, 1.0655007362365723, -4.179872512817383, 3, 0, 255, [(0, 1, 7, 8, 5, 53.698997497558594, 11.979449272155762), (1, 1, 8, 2, 6, -136.68519592285156, -53.82626724243164), (1, 1, 8, 9, 7, 52.9861946105957, 11.846818923950195), (0, 0, 0, 0, 0, 0.0, 0.0)])]
[ (7, 1, 1, 0.0, 0.0, 100.0, 35.0, 1.047979712486267, -6.074957370758057, 2, 0, 255, [(0, 1, 6, 7, 4, -46.54817199707031, -8.474236488342285), (1, 1, 7, 8, 5, -53.45182800292969, -26.5257625579834), (0, 0, 0, 0, 0, 0.0, 0.0), (0, 0, 0, 0, 0, 0.0, 0.0)])]
[ (3, 3, 1, 119.88999938964844, 18.795724868774414, 0.0, 0.0, 1.0596473217010498, 0.0, 1, 0, 2, [(1, 1, 3, 6, 3, 119.88999938964844, 18.795724868774414), (0, 0, 0, 0, 0, 0.0, 0.0), (0, 0, 0, 0, 0, 0.0, 0.0), (0, 0, 0, 0, 0, 0.0, 0.0)])]
[ (9, 1, 1, 0.0, 0.0, 125.0, 50.0, 1.0079642534255981, -8.235539436340332, 2, 0, 255, [(0, 1, 8, 9, 7, -51.95424270629883, -39.569435119628906), (1, 1, 9, 4, 8, -73.04576110839844, -10.43056583404541), (0, 0, 0, 0, 0, 0.0, 0.0), (0, 0, 0, 0, 0, 0.0, 0.0)])]
[ (5, 1, 1, 0.0, 0.0, 90.0, 30.0, 1.0156679153442383, -7.26861047744751, 2, 0, 255, [(0, 1, 4, 5, 1, -47.61338424682617, -1.2191274166107178), (1, 1, 5, 6, 2, -42.38661575317383, -28.780872344970703), (0, 0, 0, 0, 0, 0.0, 0.0), (0, 0, 0, 0, 0, 0.0, 0.0)])]
[ (4, 1, 1, 0.0, 0.0, 30.0, 30.0, 1.018323302268982, -4.775936126708984, 3, 0, 255, [(0, 1, 1, 4, 0, -151.5660400390625, -13.772321701049805), (1, 1, 4, 5, 1, 47.994895935058594, -13.057869911193848), (0, 1, 9, 4, 8, 73.5711441040039, -3.1698079109191895), (0, 0, 0, 0, 0, 0.0, 0.0)])]
[ (1, 3, 1, 151.5660400390625, 26.637805938720703, 0.0, 0.0, 1.0296885967254639, 0.0, 1, 0, 0, [(1, 1, 1, 4, 0, 151.5660400390625, 26.637805938720703), (0, 0, 0, 0, 0, 0.0, 0.0), (0, 0, 0, 0, 0, 0.0, 0.0), (0, 0, 0, 0, 0, 0.0, 0.0)])]
[ (2, 3, 1, 136.68519592285156, 65.70653533935547, 0.0, 0.0, 1.0999999046325684, 0.0, 1, 0, 1, [(0, 1, 8, 2, 6, 136.68519592285156, 65.70653533935547), (0, 0, 0, 0, 0, 0.0, 0.0), (0, 0, 0, 0, 0, 0.0, 0.0), (0, 0, 0, 0, 0, 0.0, 0.0)])]
[ (1, 3, 1, 151.5660400390625, 26.637805938720703, 0.0, 0.0, 1.0296885967254639, 0.0, 1, 0, 0, [(1, 1, 1, 4, 0, 151.5660400390625, 26.637805938720703), (0, 0, 0, 0, 0, 0.0, 0.0), (0, 0, 0, 0, 0, 0.0, 0.0), (0, 0, 0, 0, 0, 0.0, 0.0)])]
[ (5, 1, 1, 0.0, 0.0, 90.0, 30.0, 1.0156679153442383, -7.26861047744751, 2, 0, 255, [(0, 1, 4, 5, 1, -47.61338424682617, -1.2191274166107178), (1, 1, 5, 6, 2, -42.38661575317383, -28.780872344970703), (0, 0, 0, 0, 0, 0.0, 0.0), (0, 0, 0, 0, 0, 0.0, 0.0)])]
[ (7, 1, 1, 0.0, 0.0, 100.0, 35.0, 1.047979712486267, -6.074957370758057, 2, 0, 255, [(0, 1, 6, 7, 4, -46.54817199707031, -8.474236488342285), (1, 1, 7, 8, 5, -53.45182800292969, -26.5257625579834), (0, 0, 0, 0, 0, 0.0, 0.0), (0, 0, 0, 0, 0, 0.0, 0.0)])]
[ (6, 1, 1, 0.0, 0.0, 30.0, 30.0, 1.051345705986023, -3.6156351566314697, 3, 0, 255, [(0, 1, 5, 6, 2, 43.1060791015625, -6.333680152893066), (0, 1, 3, 6, 3, -119.88999938964844, -11.109979629516602), (1, 1, 6, 7, 4, 46.78392028808594, -12.556339263916016), (0, 0, 0, 0, 0, 0.0, 0.0)])]
[ (3, 3, 1, 119.88999938964844, 18.795724868774414, 0.0, 0.0, 1.0596473217010498, 0.0, 1, 0, 2, [(1, 1, 3, 6, 3, 119.88999938964844, 18.795724868774414), (0, 0, 0, 0, 0, 0.0, 0.0), (0, 0, 0, 0, 0, 0.0, 0.0), (0, 0, 0, 0, 0, 0.0, 0.0)])]
[ (4, 1, 1, 0.0, 0.0, 30.0, 30.0, 1.018323302268982, -4.775936126708984, 3, 0, 255, [(0, 1, 1, 4, 0, -151.5660400390625, -13.772321701049805), (1, 1, 4, 5, 1, 47.994895935058594, -13.057869911193848), (0, 1, 9, 4, 8, 73.5711441040039, -3.1698079109191895), (0, 0, 0, 0, 0, 0.0, 0.0)])]
[ (8, 1, 1, 0.0, 0.0, 30.0, 30.0, 1.0655007362365723, -4.179872512817383, 3, 0, 255, [(0, 1, 7, 8, 5, 53.698997497558594, 11.979449272155762), (1, 1, 8, 2, 6, -136.68519592285156, -53.82626724243164), (1, 1, 8, 9, 7, 52.9861946105957, 11.846818923950195), (0, 0, 0, 0, 0, 0.0, 0.0)])]
[ (9, 1, 1, 0.0, 0.0, 125.0, 50.0, 1.0079642534255981, -8.235539436340332, 2, 0, 255, [(0, 1, 8, 9, 7, -51.95424270629883, -39.569435119628906), (1, 1, 9, 4, 8, -73.04576110839844, -10.43056583404541), (0, 0, 0, 0, 0, 0.0, 0.0), (0, 0, 0, 0, 0, 0.0, 0.0)])]
[ (3, 3, 1, 119.88999938964844, 18.795724868774414, 0.0, 0.0, 1.0596473217010498, 0.0, 1, 0, 2, [(1, 1, 3, 6, 3, 119.88999938964844, 18.795724868774414), (0, 0, 0, 0, 0, 0.0, 0.0), (0, 0, 0, 0, 0, 0.0, 0.0), (0, 0, 0, 0, 0, 0.0, 0.0)])]
[ (1, 3, 1, 151.5660400390625, 26.637805938720703, 0.0, 0.0, 1.0296885967254639, 0.0, 1, 0, 0, [(1, 1, 1, 4, 0, 151.5660400390625, 26.637805938720703), (0, 0, 0, 0, 0, 0.0, 0.0), (0, 0, 0, 0, 0, 0.0, 0.0), (0, 0, 0, 0, 0, 0.0, 0.0)])]
[ (2, 3, 1, 136.68519592285156, 65.70653533935547, 0.0, 0.0, 1.0999999046325684, 0.0, 1, 0, 1, [(0, 1, 8, 2, 6, 136.68519592285156, 65.70653533935547), (0, 0, 0, 0, 0, 0.0, 0.0), (0, 0, 0, 0, 0, 0.0, 0.0), (0, 0, 0, 0, 0, 0.0, 0.0)])]
[ (9, 1, 1, 0.0, 0.0, 125.0, 50.0, 1.0079642534255981, -8.235539436340332, 2, 0, 255, [(0, 1, 8, 9, 7, -51.95424270629883, -39.569435119628906), (1, 1, 9, 4, 8, -73.04576110839844, -10.43056583404541), (0, 0, 0, 0, 0, 0.0, 0.0), (0, 0, 0, 0, 0, 0.0, 0.0)])]
[ (8, 1, 1, 0.0, 0.0, 30.0, 30.0, 1.0655007362365723, -4.179872512817383, 3, 0, 255, [(0, 1, 7, 8, 5, 53.698997497558594, 11.979449272155762), (1, 1, 8, 2, 6, -136.68519592285156, -53.82626724243164), (1, 1, 8, 9, 7, 52.9861946105957, 11.846818923950195), (0, 0, 0, 0, 0, 0.0, 0.0)])]
[ (6, 1, 1, 0.0, 0.0, 30.0, 30.0, 1.051345705986023, -3.6156351566314697, 3, 0, 255, [(0, 1, 5, 6, 2, 43.1060791015625, -6.333680152893066), (0, 1, 3, 6, 3, -119.88999938964844, -11.109979629516602), (1, 1, 6, 7, 4, 46.78392028808594, -12.556339263916016), (0, 0, 0, 0, 0, 0.0, 0.0)])]
[ (7, 1, 1, 0.0, 0.0, 100.0, 35.0, 1.047979712486267, -6.074957370758057, 2, 0, 255, [(0, 1, 6, 7, 4, -46.54817199707031, -8.474236488342285), (1, 1, 7, 8, 5, -53.45182800292969, -26.5257625579834), (0, 0, 0, 0, 0, 0.0, 0.0), (0, 0, 0, 0, 0, 0.0, 0.0)])]
[ (4, 1, 1, 0.0, 0.0, 30.0, 30.0, 1.018323302268982, -4.775936126708984, 3, 0, 255, [(0, 1, 1, 4, 0, -151.5660400390625, -13.772321701049805), (1, 1, 4, 5, 1, 47.994895935058594, -13.057869911193848), (0, 1, 9, 4, 8, 73.5711441040039, -3.1698079109191895), (0, 0, 0, 0, 0, 0.0, 0.0)])]
[ (5, 1, 1, 0.0, 0.0, 90.0, 30.0, 1.0156679153442383, -7.26861047744751, 2, 0, 255, [(0, 1, 4, 5, 1, -47.61338424682617, -1.2191274166107178), (1, 1, 5, 6, 2, -42.38661575317383, -28.780872344970703), (0, 0, 0, 0, 0, 0.0, 0.0), (0, 0, 0, 0, 0, 0.0, 0.0)])]
[ (1, 3, 1, 151.5660400390625, 26.637805938720703, 0.0, 0.0, 1.0296885967254639, 0.0, 1, 0, 0, [(1, 1, 1, 4, 0, 151.5660400390625, 26.637805938720703), (0, 0, 0, 0, 0, 0.0, 0.0), (0, 0, 0, 0, 0, 0.0, 0.0), (0, 0, 0, 0, 0, 0.0, 0.0)])]
[ (3, 3, 1, 119.88999938964844, 18.795724868774414, 0.0, 0.0, 1.0596473217010498, 0.0, 1, 0, 2, [(1, 1, 3, 6, 3, 119.88999938964844, 18.795724868774414), (0, 0, 0, 0, 0, 0.0, 0.0), (0, 0, 0, 0, 0, 0.0, 0.0), (0, 0, 0, 0, 0, 0.0, 0.0)])]
[ (2, 3, 1, 136.68519592285156, 65.70653533935547, 0.0, 0.0, 1.0999999046325684, 0.0, 1, 0, 1, [(0, 1, 8, 2, 6, 136.68519592285156, 65.70653533935547), (0, 0, 0, 0, 0, 0.0, 0.0), (0, 0, 0, 0, 0, 0.0, 0.0), (0, 0, 0, 0, 0, 0.0, 0.0)])]
[ (5, 1, 1, 0.0, 0.0, 90.0, 30.0, 1.0156679153442383, -7.26861047744751, 2, 0, 255, [(0, 1, 4, 5, 1, -47.61338424682617, -1.2191274166107178), (1, 1, 5, 6, 2, -42.38661575317383, -28.780872344970703), (0, 0, 0, 0, 0, 0.0, 0.0), (0, 0, 0, 0, 0, 0.0, 0.0)])]
[ (4, 1, 1, 0.0, 0.0, 30.0, 30.0, 1.018323302268982, -4.775936126708984, 3, 0, 255, [(0, 1, 1, 4, 0, -151.5660400390625, -13.772321701049805), (1, 1, 4, 5, 1, 47.994895935058594, -13.057869911193848), (0, 1, 9, 4, 8, 73.5711441040039, -3.1698079109191895), (0, 0, 0, 0, 0, 0.0, 0.0)])]
[ (6, 1, 1, 0.0, 0.0, 30.0, 30.0, 1.051345705986023, -3.6156351566314697, 3, 0, 255, [(0, 1, 5, 6, 2, 43.1060791015625, -6.333680152893066), (0, 1, 3, 6, 3, -119.88999938964844, -11.109979629516602), (1, 1, 6, 7, 4, 46.78392028808594, -12.556339263916016), (0, 0, 0, 0, 0, 0.0, 0.0)])]
[ (7, 1, 1, 0.0, 0.0, 100.0, 35.0, 1.047979712486267, -6.074957370758057, 2, 0, 255, [(0, 1, 6, 7, 4, -46.54817199707031, -8.474236488342285), (1, 1, 7, 8, 5, -53.45182800292969, -26.5257625579834), (0, 0, 0, 0, 0, 0.0, 0.0), (0, 0, 0, 0, 0, 0.0, 0.0)])]
[ (8, 1, 1, 0.0, 0.0, 30.0, 30.0, 1.0655007362365723, -4.179872512817383, 3, 0, 255, [(0, 1, 7, 8, 5, 53.698997497558594, 11.979449272155762), (1, 1, 8, 2, 6, -136.68519592285156, -53.82626724243164), (1, 1, 8, 9, 7, 52.9861946105957, 11.846818923950195), (0, 0, 0, 0, 0, 0.0, 0.0)])]
[ (9, 1, 1, 0.0, 0.0, 125.0, 50.0, 1.0079642534255981, -8.235539436340332, 2, 0, 255, [(0, 1, 8, 9, 7, -51.95424270629883, -39.569435119628906), (1, 1, 9, 4, 8, -73.04576110839844, -10.43056583404541), (0, 0, 0, 0, 0, 0.0, 0.0), (0, 0, 0, 0, 0, 0.0, 0.0)])]
[ (1, 3, 1, 151.5660400390625, 26.637805938720703, 0.0, 0.0, 1.0296885967254639, 0.0, 1, 0, 0, [(1, 1, 1, 4, 0, 151.5660400390625, 26.637805938720703), (0, 0, 0, 0, 0, 0.0, 0.0), (0, 0, 0, 0, 0, 0.0, 0.0), (0, 0, 0, 0, 0, 0.0, 0.0)])]
[ (2, 3, 1, 136.68519592285156, 65.70653533935547, 0.0, 0.0, 1.0999999046325684, 0.0, 1, 0, 1, [(0, 1, 8, 2, 6, 136.68519592285156, 65.70653533935547), (0, 0, 0, 0, 0, 0.0, 0.0), (0, 0, 0, 0, 0, 0.0, 0.0), (0, 0, 0, 0, 0, 0.0, 0.0)])]
[ (4, 1, 1, 0.0, 0.0, 30.0, 30.0, 1.018323302268982, -4.775936126708984, 3, 0, 255, [(0, 1, 1, 4, 0, -151.5660400390625, -13.772321701049805), (1, 1, 4, 5, 1, 47.994895935058594, -13.057869911193848), (0, 1, 9, 4, 8, 73.5711441040039, -3.1698079109191895), (0, 0, 0, 0, 0, 0.0, 0.0)])]
[ (5, 1, 1, 0.0, 0.0, 90.0, 30.0, 1.0156679153442383, -7.26861047744751, 2, 0, 255, [(0, 1, 4, 5, 1, -47.61338424682617, -1.2191274166107178), (1, 1, 5, 6, 2, -42.38661575317383, -28.780872344970703), (0, 0, 0, 0, 0, 0.0, 0.0), (0, 0, 0, 0, 0, 0.0, 0.0)])]
[ (6, 1, 1, 0.0, 0.0, 30.0, 30.0, 1.051345705986023, -3.6156351566314697, 3, 0, 255, [(0, 1, 5, 6, 2, 43.1060791015625, -6.333680152893066), (0, 1, 3, 6, 3, -119.88999938964844, -11.109979629516602), (1, 1, 6, 7, 4, 46.78392028808594, -12.556339263916016), (0, 0, 0, 0, 0, 0.0, 0.0)])]
[ (8, 1, 1, 0.0, 0.0, 30.0, 30.0, 1.0655007362365723, -4.179872512817383, 3, 0, 255, [(0, 1, 7, 8, 5, 53.698997497558594, 11.979449272155762), (1, 1, 8, 2, 6, -136.68519592285156, -53.82626724243164), (1, 1, 8, 9, 7, 52.9861946105957, 11.846818923950195), (0, 0, 0, 0, 0, 0.0, 0.0)])]
[ (9, 1, 1, 0.0, 0.0, 125.0, 50.0, 1.0079642534255981, -8.235539436340332, 2, 0, 255, [(0, 1, 8, 9, 7, -51.95424270629883, -39.569435119628906), (1, 1, 9, 4, 8, -73.04576110839844, -10.43056583404541), (0, 0, 0, 0, 0, 0.0, 0.0), (0, 0, 0, 0, 0, 0.0, 0.0)])]
[ (7, 1, 1, 0.0, 0.0, 100.0, 35.0, 1.047979712486267, -6.074957370758057, 2, 0, 255, [(0, 1, 6, 7, 4, -46.54817199707031, -8.474236488342285), (1, 1, 7, 8, 5, -53.45182800292969, -26.5257625579834), (0, 0, 0, 0, 0, 0.0, 0.0), (0, 0, 0, 0, 0, 0.0, 0.0)])]
[ (3, 3, 1, 119.88999938964844, 18.795724868774414, 0.0, 0.0, 1.0596473217010498, 0.0, 1, 0, 2, [(1, 1, 3, 6, 3, 119.88999938964844, 18.795724868774414), (0, 0, 0, 0, 0, 0.0, 0.0), (0, 0, 0, 0, 0, 0.0, 0.0), (0, 0, 0, 0, 0, 0.0, 0.0)])]
[ (1, 3, 1, 151.5660400390625, 26.637805938720703, 0.0, 0.0, 1.0296885967254639, 0.0, 1, 0, 0, [(1, 1, 1, 4, 0, 151.5660400390625, 26.637805938720703), (0, 0, 0, 0, 0, 0.0, 0.0), (0, 0, 0, 0, 0, 0.0, 0.0), (0, 0, 0, 0, 0, 0.0, 0.0)])]
[ (2, 3, 1, 136.68519592285156, 65.70653533935547, 0.0, 0.0, 1.0999999046325684, 0.0, 1, 0, 1, [(0, 1, 8, 2, 6, 136.68519592285156, 65.70653533935547), (0, 0, 0, 0, 0, 0.0, 0.0), (0, 0, 0, 0, 0, 0.0, 0.0), (0, 0, 0, 0, 0, 0.0, 0.0)])]
[ (5, 1, 1, 0.0, 0.0, 90.0, 30.0, 1.0156679153442383, -7.26861047744751, 2, 0, 255, [(0, 1, 4, 5, 1, -47.61338424682617, -1.2191274166107178), (1, 1, 5, 6, 2, -42.38661575317383, -28.780872344970703), (0, 0, 0, 0, 0, 0.0, 0.0), (0, 0, 0, 0, 0, 0.0, 0.0)])]
[ (6, 1, 1, 0.0, 0.0, 30.0, 30.0, 1.051345705986023, -3.6156351566314697, 3, 0, 255, [(0, 1, 5, 6, 2, 43.1060791015625, -6.333680152893066), (0, 1, 3, 6, 3, -119.88999938964844, -11.109979629516602), (1, 1, 6, 7, 4, 46.78392028808594, -12.556339263916016), (0, 0, 0, 0, 0, 0.0, 0.0)])]
[ (4, 1, 1, 0.0, 0.0, 30.0, 30.0, 1.018323302268982, -4.775936126708984, 3, 0, 255, [(0, 1, 1, 4, 0, -151.5660400390625, -13.772321701049805), (1, 1, 4, 5, 1, 47.994895935058594, -13.057869911193848), (0, 1, 9, 4, 8, 73.5711441040039, -3.1698079109191895), (0, 0, 0, 0, 0, 0.0, 0.0)])]
[ (7, 1, 1, 0.0, 0.0, 100.0, 35.0, 1.047979712486267, -6.074957370758057, 2, 0, 255, [(0, 1, 6, 7, 4, -46.54817199707031, -8.474236488342285), (1, 1, 7, 8, 5, -53.45182800292969, -26.5257625579834), (0, 0, 0, 0, 0, 0.0, 0.0), (0, 0, 0, 0, 0, 0.0, 0.0)])]
[ (8, 1, 1, 0.0, 0.0, 30.0, 30.0, 1.0655007362365723, -4.179872512817383, 3, 0, 255, [(0, 1, 7, 8, 5, 53.698997497558594, 11.979449272155762), (1, 1, 8, 2, 6, -136.68519592285156, -53.82626724243164), (1, 1, 8, 9, 7, 52.9861946105957, 11.846818923950195), (0, 0, 0, 0, 0, 0.0, 0.0)])]
[ (3, 3, 1, 119.88999938964844, 18.795724868774414, 0.0, 0.0, 1.0596473217010498, 0.0, 1, 0, 2, [(1, 1, 3, 6, 3, 119.88999938964844, 18.795724868774414), (0, 0, 0, 0, 0, 0.0, 0.0), (0, 0, 0, 0, 0, 0.0, 0.0), (0, 0, 0, 0, 0, 0.0, 0.0)])]
[ (9, 1, 1, 0.0, 0.0, 125.0, 50.0, 1.0079642534255981, -8.235539436340332, 2, 0, 255, [(0, 1, 8, 9, 7, -51.95424270629883, -39.569435119628906), (1, 1, 9, 4, 8, -73.04576110839844, -10.43056583404541), (0, 0, 0, 0, 0, 0.0, 0.0), (0, 0, 0, 0, 0, 0.0, 0.0)])]
[ (1, 3, 1, 151.5660400390625, 26.637805938720703, 0.0, 0.0, 1.0296885967254639, 0.0, 1, 0, 0, [(1, 1, 1, 4, 0, 151.5660400390625, 26.637805938720703), (0, 0, 0, 0, 0, 0.0, 0.0), (0, 0, 0, 0, 0, 0.0, 0.0), (0, 0, 0, 0, 0, 0.0, 0.0)])]
[ (3, 3, 1, 119.88999938964844, 18.795724868774414, 0.0, 0.0, 1.0596473217010498, 0.0, 1, 0, 2, [(1, 1, 3, 6, 3, 119.88999938964844, 18.795724868774414), (0, 0, 0, 0, 0, 0.0, 0.0), (0, 0, 0, 0, 0, 0.0, 0.0), (0, 0, 0, 0, 0, 0.0, 0.0)])]
[ (2, 3, 1, 136.68519592285156, 65.70653533935547, 0.0, 0.0, 1.0999999046325684, 0.0, 1, 0, 1, [(0, 1, 8, 2, 6, 136.68519592285156, 65.70653533935547), (0, 0, 0, 0, 0, 0.0, 0.0), (0, 0, 0, 0, 0, 0.0, 0.0), (0, 0, 0, 0, 0, 0.0, 0.0)])]
[ (4, 1, 1, 0.0, 0.0, 30.0, 30.0, 1.018323302268982, -4.775936126708984, 3, 0, 255, [(0, 1, 1, 4, 0, -151.5660400390625, -13.772321701049805), (1, 1, 4, 5, 1, 47.994895935058594, -13.057869911193848), (0, 1, 9, 4, 8, 73.5711441040039, -3.1698079109191895), (0, 0, 0, 0, 0, 0.0, 0.0)])]
[ (6, 1, 1, 0.0, 0.0, 30.0, 30.0, 1.051345705986023, -3.6156351566314697, 3, 0, 255, [(0, 1, 5, 6, 2, 43.1060791015625, -6.333680152893066), (0, 1, 3, 6, 3, -119.88999938964844, -11.109979629516602), (1, 1, 6, 7, 4, 46.78392028808594, -12.556339263916016), (0, 0, 0, 0, 0, 0.0, 0.0)])]
[ (8, 1, 1, 0.0, 0.0, 30.0, 30.0, 1.0655007362365723, -4.179872512817383, 3, 0, 255, [(0, 1, 7, 8, 5, 53.698997497558594, 11.979449272155762), (1, 1, 8, 2, 6, -136.68519592285156, -53.82626724243164), (1, 1, 8, 9, 7, 52.9861946105957, 11.846818923950195), (0, 0, 0, 0, 0, 0.0, 0.0)])]
[ (9, 1, 1, 0.0, 0.0, 125.0, 50.0, 1.0079642534255981, -8.235539436340332, 2, 0, 255, [(0, 1, 8, 9, 7, -51.95424270629883, -39.569435119628906), (1, 1, 9, 4, 8, -73.04576110839844, -10.43056583404541), (0, 0, 0, 0, 0, 0.0, 0.0), (0, 0, 0, 0, 0, 0.0, 0.0)])]
[ (7, 1, 1, 0.0, 0.0, 100.0, 35.0, 1.047979712486267, -6.074957370758057, 2, 0, 255, [(0, 1, 6, 7, 4, -46.54817199707031, -8.474236488342285), (1, 1, 7, 8, 5, -53.45182800292969, -26.5257625579834), (0, 0, 0, 0, 0, 0.0, 0.0), (0, 0, 0, 0, 0, 0.0, 0.0)])]
[ (5, 1, 1, 0.0, 0.0, 90.0, 30.0, 1.0156679153442383, -7.26861047744751, 2, 0, 255, [(0, 1, 4, 5, 1, -47.61338424682617, -1.2191274166107178), (1, 1, 5, 6, 2, -42.38661575317383, -28.780872344970703), (0, 0, 0, 0, 0, 0.0, 0.0), (0, 0, 0, 0, 0, 0.0, 0.0)])]
[ (1, 3, 1, 151.5660400390625, 26.637805938720703, 0.0, 0.0, 1.0296885967254639, 0.0, 1, 0, 0, [(1, 1, 1, 4, 0, 151.5660400390625, 26.637805938720703), (0, 0, 0, 0, 0, 0.0, 0.0), (0, 0, 0, 0, 0, 0.0, 0.0), (0, 0, 0, 0, 0, 0.0, 0.0)])]
[ (2, 3, 1, 136.68519592285156, 65.70653533935547, 0.0, 0.0, 1.0999999046325684, 0.0, 1, 0, 1, [(0, 1, 8, 2, 6, 136.68519592285156, 65.70653533935547), (0, 0, 0, 0, 0, 0.0, 0.0), (0, 0, 0, 0, 0, 0.0, 0.0), (0, 0, 0, 0, 0, 0.0, 0.0)])]
[ (3, 3, 1, 119.88999938964844, 18.795724868774414, 0.0, 0.0, 1.0596473217010498, 0.0, 1, 0, 2, [(1, 1, 3, 6, 3, 119.88999938964844, 18.795724868774414), (0, 0, 0, 0, 0, 0.0, 0.0), (0, 0, 0, 0, 0, 0.0, 0.0), (0, 0, 0, 0, 0, 0.0, 0.0)])]
[ (4, 1, 1, 0.0, 0.0, 30.0, 30.0, 1.018323302268982, -4.775936126708984, 3, 0, 255, [(0, 1, 1, 4, 0, -151.5660400390625, -13.772321701049805), (1, 1, 4, 5, 1, 47.994895935058594, -13.057869911193848), (0, 1, 9, 4, 8, 73.5711441040039, -3.1698079109191895), (0, 0, 0, 0, 0, 0.0, 0.0)])]
[ (5, 1, 1, 0.0, 0.0, 90.0, 30.0, 1.0156679153442383, -7.26861047744751, 2, 0, 255, [(0, 1, 4, 5, 1, -47.61338424682617, -1.2191274166107178), (1, 1, 5, 6, 2, -42.38661575317383, -28.780872344970703), (0, 0, 0, 0, 0, 0.0, 0.0), (0, 0, 0, 0, 0, 0.0, 0.0)])]
[ (6, 1, 1, 0.0, 0.0, 30.0, 30.0, 1.051345705986023, -3.6156351566314697, 3, 0, 255, [(0, 1, 5, 6, 2, 43.1060791015625, -6.333680152893066), (0, 1, 3, 6, 3, -119.88999938964844, -11.109979629516602), (1, 1, 6, 7, 4, 46.78392028808594, -12.556339263916016), (0, 0, 0, 0, 0, 0.0, 0.0)])]
[ (8, 1, 1, 0.0, 0.0, 30.0, 30.0, 1.0655007362365723, -4.179872512817383, 3, 0, 255, [(0, 1, 7, 8, 5, 53.698997497558594, 11.979449272155762), (1, 1, 8, 2, 6, -136.68519592285156, -53.82626724243164), (1, 1, 8, 9, 7, 52.9861946105957, 11.846818923950195), (0, 0, 0, 0, 0, 0.0, 0.0)])]
[ (9, 1, 1, 0.0, 0.0, 125.0, 50.0, 1.0079642534255981, -8.235539436340332, 2, 0, 255, [(0, 1, 8, 9, 7, -51.95424270629883, -39.569435119628906), (1, 1, 9, 4, 8, -73.04576110839844, -10.43056583404541), (0, 0, 0, 0, 0, 0.0, 0.0), (0, 0, 0, 0, 0, 0.0, 0.0)])]
[ (7, 1, 1, 0.0, 0.0, 100.0, 35.0, 1.047979712486267, -6.074957370758057, 2, 0, 255, [(0, 1, 6, 7, 4, -46.54817199707031, -8.474236488342285), (1, 1, 7, 8, 5, -53.45182800292969, -26.5257625579834), (0, 0, 0, 0, 0, 0.0, 0.0), (0, 0, 0, 0, 0, 0.0, 0.0)])]
[ (1, 3, 1, 151.5660400390625, 26.637805938720703, 0.0, 0.0, 1.0296885967254639, 0.0, 1, 0, 0, [(1, 1, 1, 4, 0, 151.5660400390625, 26.637805938720703), (0, 0, 0, 0, 0, 0.0, 0.0), (0, 0, 0, 0, 0, 0.0, 0.0), (0, 0, 0, 0, 0, 0.0, 0.0)])]
[ (2, 3, 1, 136.68519592285156, 65.70653533935547, 0.0, 0.0, 1.0999999046325684, 0.0, 1, 0, 1, [(0, 1, 8, 2, 6, 136.68519592285156, 65.70653533935547), (0, 0, 0, 0, 0, 0.0, 0.0), (0, 0, 0, 0, 0, 0.0, 0.0), (0, 0, 0, 0, 0, 0.0, 0.0)])]
[ (3, 3, 1, 119.88999938964844, 18.795724868774414, 0.0, 0.0, 1.0596473217010498, 0.0, 1, 0, 2, [(1, 1, 3, 6, 3, 119.88999938964844, 18.795724868774414), (0, 0, 0, 0, 0, 0.0, 0.0), (0, 0, 0, 0, 0, 0.0, 0.0), (0, 0, 0, 0, 0, 0.0, 0.0)])]
[ (4, 1, 1, 0.0, 0.0, 30.0, 30.0, 1.018323302268982, -4.775936126708984, 3, 0, 255, [(0, 1, 1, 4, 0, -151.5660400390625, -13.772321701049805), (1, 1, 4, 5, 1, 47.994895935058594, -13.057869911193848), (0, 1, 9, 4, 8, 73.5711441040039, -3.1698079109191895), (0, 0, 0, 0, 0, 0.0, 0.0)])]
[ (6, 1, 1, 0.0, 0.0, 30.0, 30.0, 1.051345705986023, -3.6156351566314697, 3, 0, 255, [(0, 1, 5, 6, 2, 43.1060791015625, -6.333680152893066), (0, 1, 3, 6, 3, -119.88999938964844, -11.109979629516602), (1, 1, 6, 7, 4, 46.78392028808594, -12.556339263916016), (0, 0, 0, 0, 0, 0.0, 0.0)])]
[ (5, 1, 1, 0.0, 0.0, 90.0, 30.0, 1.0156679153442383, -7.26861047744751, 2, 0, 255, [(0, 1, 4, 5, 1, -47.61338424682617, -1.2191274166107178), (1, 1, 5, 6, 2, -42.38661575317383, -28.780872344970703), (0, 0, 0, 0, 0, 0.0, 0.0), (0, 0, 0, 0, 0, 0.0, 0.0)])]
[ (7, 1, 1, 0.0, 0.0, 100.0, 35.0, 1.047979712486267, -6.074957370758057, 2, 0, 255, [(0, 1, 6, 7, 4, -46.54817199707031, -8.474236488342285), (1, 1, 7, 8, 5, -53.45182800292969, -26.5257625579834), (0, 0, 0, 0, 0, 0.0, 0.0), (0, 0, 0, 0, 0, 0.0, 0.0)])]
[ (8, 1, 1, 0.0, 0.0, 30.0, 30.0, 1.0655007362365723, -4.179872512817383, 3, 0, 255, [(0, 1, 7, 8, 5, 53.698997497558594, 11.979449272155762), (1, 1, 8, 2, 6, -136.68519592285156, -53.82626724243164), (1, 1, 8, 9, 7, 52.9861946105957, 11.846818923950195), (0, 0, 0, 0, 0, 0.0, 0.0)])]
[ (9, 1, 1, 0.0, 0.0, 125.0, 50.0, 1.0079642534255981, -8.235539436340332, 2, 0, 255, [(0, 1, 8, 9, 7, -51.95424270629883, -39.569435119628906), (1, 1, 9, 4, 8, -73.04576110839844, -10.43056583404541), (0, 0, 0, 0, 0, 0.0, 0.0), (0, 0, 0, 0, 0, 0.0, 0.0)])]
[ (2, 3, 1, 136.68519592285156, 65.70653533935547, 0.0, 0.0, 1.0999999046325684, 0.0, 1, 0, 1, [(0, 1, 8, 2, 6, 136.68519592285156, 65.70653533935547), (0, 0, 0, 0, 0, 0.0, 0.0), (0, 0, 0, 0, 0, 0.0, 0.0), (0, 0, 0, 0, 0, 0.0, 0.0)])]
[ (1, 3, 1, 151.5660400390625, 26.637805938720703, 0.0, 0.0, 1.0296885967254639, 0.0, 1, 0, 0, [(1, 1, 1, 4, 0, 151.5660400390625, 26.637805938720703), (0, 0, 0, 0, 0, 0.0, 0.0), (0, 0, 0, 0, 0, 0.0, 0.0), (0, 0, 0, 0, 0, 0.0, 0.0)])]
[ (4, 1, 1, 0.0, 0.0, 30.0, 30.0, 1.018323302268982, -4.775936126708984, 3, 0, 255, [(0, 1, 1, 4, 0, -151.5660400390625, -13.772321701049805), (1, 1, 4, 5, 1, 47.994895935058594, -13.057869911193848), (0, 1, 9, 4, 8, 73.5711441040039, -3.1698079109191895), (0, 0, 0, 0, 0, 0.0, 0.0)])]
[ (5, 1, 1, 0.0, 0.0, 90.0, 30.0, 1.0156679153442383, -7.26861047744751, 2, 0, 255, [(0, 1, 4, 5, 1, -47.61338424682617, -1.2191274166107178), (1, 1, 5, 6, 2, -42.38661575317383, -28.780872344970703), (0, 0, 0, 0, 0, 0.0, 0.0), (0, 0, 0, 0, 0, 0.0, 0.0)])]
[ (3, 3, 1, 119.88999938964844, 18.795724868774414, 0.0, 0.0, 1.0596473217010498, 0.0, 1, 0, 2, [(1, 1, 3, 6, 3, 119.88999938964844, 18.795724868774414), (0, 0, 0, 0, 0, 0.0, 0.0), (0, 0, 0, 0, 0, 0.0, 0.0), (0, 0, 0, 0, 0, 0.0, 0.0)])]
[ (6, 1, 1, 0.0, 0.0, 30.0, 30.0, 1.051345705986023, -3.6156351566314697, 3, 0, 255, [(0, 1, 5, 6, 2, 43.1060791015625, -6.333680152893066), (0, 1, 3, 6, 3, -119.88999938964844, -11.109979629516602), (1, 1, 6, 7, 4, 46.78392028808594, -12.556339263916016), (0, 0, 0, 0, 0, 0.0, 0.0)])]
[ (8, 1, 1, 0.0, 0.0, 30.0, 30.0, 1.0655007362365723, -4.179872512817383, 3, 0, 255, [(0, 1, 7, 8, 5, 53.698997497558594, 11.979449272155762), (1, 1, 8, 2, 6, -136.68519592285156, -53.82626724243164), (1, 1, 8, 9, 7, 52.9861946105957, 11.846818923950195), (0, 0, 0, 0, 0, 0.0, 0.0)])]
[ (9, 1, 1, 0.0, 0.0, 125.0, 50.0, 1.0079642534255981, -8.235539436340332, 2, 0, 255, [(0, 1, 8, 9, 7, -51.95424270629883, -39.569435119628906), (1, 1, 9, 4, 8, -73.04576110839844, -10.43056583404541), (0, 0, 0, 0, 0, 0.0, 0.0), (0, 0, 0, 0, 0, 0.0, 0.0)])]
[ (7, 1, 1, 0.0, 0.0, 100.0, 35.0, 1.047979712486267, -6.074957370758057, 2, 0, 255, [(0, 1, 6, 7, 4, -46.54817199707031, -8.474236488342285), (1, 1, 7, 8, 5, -53.45182800292969, -26.5257625579834), (0, 0, 0, 0, 0, 0.0, 0.0), (0, 0, 0, 0, 0, 0.0, 0.0)])]
[ (2, 3, 1, 136.68519592285156, 65.70653533935547, 0.0, 0.0, 1.0999999046325684, 0.0, 1, 0, 1, [(0, 1, 8, 2, 6, 136.68519592285156, 65.70653533935547), (0, 0, 0, 0, 0, 0.0, 0.0), (0, 0, 0, 0, 0, 0.0, 0.0), (0, 0, 0, 0, 0, 0.0, 0.0)])]
[ (1, 3, 1, 151.5660400390625, 26.637805938720703, 0.0, 0.0, 1.0296885967254639, 0.0, 1, 0, 0, [(1, 1, 1, 4, 0, 151.5660400390625, 26.637805938720703), (0, 0, 0, 0, 0, 0.0, 0.0), (0, 0, 0, 0, 0, 0.0, 0.0), (0, 0, 0, 0, 0, 0.0, 0.0)])]
[ (4, 1, 1, 0.0, 0.0, 30.0, 30.0, 1.018323302268982, -4.775936126708984, 3, 0, 255, [(0, 1, 1, 4, 0, -151.5660400390625, -13.772321701049805), (1, 1, 4, 5, 1, 47.994895935058594, -13.057869911193848), (0, 1, 9, 4, 8, 73.5711441040039, -3.1698079109191895), (0, 0, 0, 0, 0, 0.0, 0.0)])]
[ (8, 1, 1, 0.0, 0.0, 30.0, 30.0, 1.0655007362365723, -4.179872512817383, 3, 0, 255, [(0, 1, 7, 8, 5, 53.698997497558594, 11.979449272155762), (1, 1, 8, 2, 6, -136.68519592285156, -53.82626724243164), (1, 1, 8, 9, 7, 52.9861946105957, 11.846818923950195), (0, 0, 0, 0, 0, 0.0, 0.0)])]
[ (6, 1, 1, 0.0, 0.0, 30.0, 30.0, 1.051345705986023, -3.6156351566314697, 3, 0, 255, [(0, 1, 5, 6, 2, 43.1060791015625, -6.333680152893066), (0, 1, 3, 6, 3, -119.88999938964844, -11.109979629516602), (1, 1, 6, 7, 4, 46.78392028808594, -12.556339263916016), (0, 0, 0, 0, 0, 0.0, 0.0)])]
[ (5, 1, 1, 0.0, 0.0, 90.0, 30.0, 1.0156679153442383, -7.26861047744751, 2, 0, 255, [(0, 1, 4, 5, 1, -47.61338424682617, -1.2191274166107178), (1, 1, 5, 6, 2, -42.38661575317383, -28.780872344970703), (0, 0, 0, 0, 0, 0.0, 0.0), (0, 0, 0, 0, 0, 0.0, 0.0)])]
[ (3, 3, 1, 119.88999938964844, 18.795724868774414, 0.0, 0.0, 1.0596473217010498, 0.0, 1, 0, 2, [(1, 1, 3, 6, 3, 119.88999938964844, 18.795724868774414), (0, 0, 0, 0, 0, 0.0, 0.0), (0, 0, 0, 0, 0, 0.0, 0.0), (0, 0, 0, 0, 0, 0.0, 0.0)])]
[ (7, 1, 1, 0.0, 0.0, 100.0, 35.0, 1.047979712486267, -6.074957370758057, 2, 0, 255, [(0, 1, 6, 7, 4, -46.54817199707031, -8.474236488342285), (1, 1, 7, 8, 5, -53.45182800292969, -26.5257625579834), (0, 0, 0, 0, 0, 0.0, 0.0), (0, 0, 0, 0, 0, 0.0, 0.0)])]
[ (9, 1, 1, 0.0, 0.0, 125.0, 50.0, 1.0079642534255981, -8.235539436340332, 2, 0, 255, [(0, 1, 8, 9, 7, -51.95424270629883, -39.569435119628906), (1, 1, 9, 4, 8, -73.04576110839844, -10.43056583404541), (0, 0, 0, 0, 0, 0.0, 0.0), (0, 0, 0, 0, 0, 0.0, 0.0)])]
[ (1, 3, 1, 151.5660400390625, 26.637805938720703, 0.0, 0.0, 1.0296885967254639, 0.0, 1, 0, 0, [(1, 1, 1, 4, 0, 151.5660400390625, 26.637805938720703), (0, 0, 0, 0, 0, 0.0, 0.0), (0, 0, 0, 0, 0, 0.0, 0.0), (0, 0, 0, 0, 0, 0.0, 0.0)])]
[ (2, 3, 1, 136.68519592285156, 65.70653533935547, 0.0, 0.0, 1.0999999046325684, 0.0, 1, 0, 1, [(0, 1, 8, 2, 6, 136.68519592285156, 65.70653533935547), (0, 0, 0, 0, 0, 0.0, 0.0), (0, 0, 0, 0, 0, 0.0, 0.0), (0, 0, 0, 0, 0, 0.0, 0.0)])]
[ (4, 1, 1, 0.0, 0.0, 30.0, 30.0, 1.018323302268982, -4.775936126708984, 3, 0, 255, [(0, 1, 1, 4, 0, -151.5660400390625, -13.772321701049805), (1, 1, 4, 5, 1, 47.994895935058594, -13.057869911193848), (0, 1, 9, 4, 8, 73.5711441040039, -3.1698079109191895), (0, 0, 0, 0, 0, 0.0, 0.0)])]
[ (8, 1, 1, 0.0, 0.0, 30.0, 30.0, 1.0655007362365723, -4.179872512817383, 3, 0, 255, [(0, 1, 7, 8, 5, 53.698997497558594, 11.979449272155762), (1, 1, 8, 2, 6, -136.68519592285156, -53.82626724243164), (1, 1, 8, 9, 7, 52.9861946105957, 11.846818923950195), (0, 0, 0, 0, 0, 0.0, 0.0)])]
[ (6, 1, 1, 0.0, 0.0, 30.0, 30.0, 1.051345705986023, -3.6156351566314697, 3, 0, 255, [(0, 1, 5, 6, 2, 43.1060791015625, -6.333680152893066), (0, 1, 3, 6, 3, -119.88999938964844, -11.109979629516602), (1, 1, 6, 7, 4, 46.78392028808594, -12.556339263916016), (0, 0, 0, 0, 0, 0.0, 0.0)])]
[ (3, 3, 1, 119.88999938964844, 18.795724868774414, 0.0, 0.0, 1.0596473217010498, 0.0, 1, 0, 2, [(1, 1, 3, 6, 3, 119.88999938964844, 18.795724868774414), (0, 0, 0, 0, 0, 0.0, 0.0), (0, 0, 0, 0, 0, 0.0, 0.0), (0, 0, 0, 0, 0, 0.0, 0.0)])]
[ (5, 1, 1, 0.0, 0.0, 90.0, 30.0, 1.0156679153442383, -7.26861047744751, 2, 0, 255, [(0, 1, 4, 5, 1, -47.61338424682617, -1.2191274166107178), (1, 1, 5, 6, 2, -42.38661575317383, -28.780872344970703), (0, 0, 0, 0, 0, 0.0, 0.0), (0, 0, 0, 0, 0, 0.0, 0.0)])]
[ (7, 1, 1, 0.0, 0.0, 100.0, 35.0, 1.047979712486267, -6.074957370758057, 2, 0, 255, [(0, 1, 6, 7, 4, -46.54817199707031, -8.474236488342285), (1, 1, 7, 8, 5, -53.45182800292969, -26.5257625579834), (0, 0, 0, 0, 0, 0.0, 0.0), (0, 0, 0, 0, 0, 0.0, 0.0)])]
[ (9, 1, 1, 0.0, 0.0, 125.0, 50.0, 1.0079642534255981, -8.235539436340332, 2, 0, 255, [(0, 1, 8, 9, 7, -51.95424270629883, -39.569435119628906), (1, 1, 9, 4, 8, -73.04576110839844, -10.43056583404541), (0, 0, 0, 0, 0, 0.0, 0.0), (0, 0, 0, 0, 0, 0.0, 0.0)])]
[ (1, 3, 1, 151.5660400390625, 26.637805938720703, 0.0, 0.0, 1.0296885967254639, 0.0, 1, 0, 0, [(1, 1, 1, 4, 0, 151.5660400390625, 26.637805938720703), (0, 0, 0, 0, 0, 0.0, 0.0), (0, 0, 0, 0, 0, 0.0, 0.0), (0, 0, 0, 0, 0, 0.0, 0.0)])]
[ (2, 3, 1, 136.68519592285156, 65.70653533935547, 0.0, 0.0, 1.0999999046325684, 0.0, 1, 0, 1, [(0, 1, 8, 2, 6, 136.68519592285156, 65.70653533935547), (0, 0, 0, 0, 0, 0.0, 0.0), (0, 0, 0, 0, 0, 0.0, 0.0), (0, 0, 0, 0, 0, 0.0, 0.0)])]
[ (3, 3, 1, 119.88999938964844, 18.795724868774414, 0.0, 0.0, 1.0596473217010498, 0.0, 1, 0, 2, [(1, 1, 3, 6, 3, 119.88999938964844, 18.795724868774414), (0, 0, 0, 0, 0, 0.0, 0.0), (0, 0, 0, 0, 0, 0.0, 0.0), (0, 0, 0, 0, 0, 0.0, 0.0)])]
[ (5, 1, 1, 0.0, 0.0, 90.0, 30.0, 1.0156679153442383, -7.26861047744751, 2, 0, 255, [(0, 1, 4, 5, 1, -47.61338424682617, -1.2191274166107178), (1, 1, 5, 6, 2, -42.38661575317383, -28.780872344970703), (0, 0, 0, 0, 0, 0.0, 0.0), (0, 0, 0, 0, 0, 0.0, 0.0)])]
[ (4, 1, 1, 0.0, 0.0, 30.0, 30.0, 1.018323302268982, -4.775936126708984, 3, 0, 255, [(0, 1, 1, 4, 0, -151.5660400390625, -13.772321701049805), (1, 1, 4, 5, 1, 47.994895935058594, -13.057869911193848), (0, 1, 9, 4, 8, 73.5711441040039, -3.1698079109191895), (0, 0, 0, 0, 0, 0.0, 0.0)])]
[ (9, 1, 1, 0.0, 0.0, 125.0, 50.0, 1.0079642534255981, -8.235539436340332, 2, 0, 255, [(0, 1, 8, 9, 7, -51.95424270629883, -39.569435119628906), (1, 1, 9, 4, 8, -73.04576110839844, -10.43056583404541), (0, 0, 0, 0, 0, 0.0, 0.0), (0, 0, 0, 0, 0, 0.0, 0.0)])]
[ (8, 1, 1, 0.0, 0.0, 30.0, 30.0, 1.0655007362365723, -4.179872512817383, 3, 0, 255, [(0, 1, 7, 8, 5, 53.698997497558594, 11.979449272155762), (1, 1, 8, 2, 6, -136.68519592285156, -53.82626724243164), (1, 1, 8, 9, 7, 52.9861946105957, 11.846818923950195), (0, 0, 0, 0, 0, 0.0, 0.0)])]
[ (7, 1, 1, 0.0, 0.0, 100.0, 35.0, 1.047979712486267, -6.074957370758057, 2, 0, 255, [(0, 1, 6, 7, 4, -46.54817199707031, -8.474236488342285), (1, 1, 7, 8, 5, -53.45182800292969, -26.5257625579834), (0, 0, 0, 0, 0, 0.0, 0.0), (0, 0, 0, 0, 0, 0.0, 0.0)])]
[ (6, 1, 1, 0.0, 0.0, 30.0, 30.0, 1.051345705986023, -3.6156351566314697, 3, 0, 255, [(0, 1, 5, 6, 2, 43.1060791015625, -6.333680152893066), (0, 1, 3, 6, 3, -119.88999938964844, -11.109979629516602), (1, 1, 6, 7, 4, 46.78392028808594, -12.556339263916016), (0, 0, 0, 0, 0, 0.0, 0.0)])]
