[ (1, 3, 1, 166.45281982421875, 186.530029296875, 0.0, 0.0, 1.0725953578948975, 0.0, 1, 0, 0, [(1, 1, 1, 4, 0, 166.45281982421875, 186.530029296875), (0, 0, 0, 0, 0, 0.0, 0.0), (0, 0, 0, 0, 0, 0.0, 0.0), (0, 0, 0, 0, 0, 0.0, 0.0)])]
[ (1, 3, 1, 151.59095764160156, 136.69818115234375, 0.0, 0.0, 1.0328309535980225, 0.0, 1, 0, 0, [(1, 1, 1, 4, 0, 151.59095764160156, 136.69818115234375), (0, 0, 0, 0, 0, 0.0, 0.0), (0, 0, 0, 0, 0, 0.0, 0.0), (0, 0, 0, 0, 0, 0.0, 0.0)])]
[ (1, 3, 1, 166.21932983398438, 158.3612823486328, 0.0, 0.0, 1.0496242046356201, 0.0, 1, 0, 0, [(1, 1, 1, 4, 0, 166.21932983398438, 158.3612823486328), (0, 0, 0, 0, 0, 0.0, 0.0), (0, 0, 0, 0, 0, 0.0, 0.0), (0, 0, 0, 0, 0, 0.0, 0.0)])]
[ (1, 3, 1, 168.79054260253906, 163.364990234375, 0.0, 0.0, 1.0514309406280518, 0.0, 1, 0, 0, [(1, 1, 1, 4, 0, 168.79054260253906, 163.364990234375), (0, 0, 0, 0, 0, 0.0, 0.0), (0, 0, 0, 0, 0, 0.0, 0.0), (0, 0, 0, 0, 0, 0.0, 0.0)])]
[ (1, 3, 1, 162.0046844482422, 161.7788543701172, 0.0, 0.0, 1.0563013553619385, 0.0, 1, 0, 0, [(1, 1, 1, 4, 0, 162.0046844482422, 161.7788543701172), (0, 0, 0, 0, 0, 0.0, 0.0), (0, 0, 0, 0, 0, 0.0, 0.0), (0, 0, 0, 0, 0, 0.0, 0.0)])]
[ (1, 3, 1, 164.39454650878906, 165.81072998046875, 0.0, 0.0, 1.0538265705108643, 0.0, 1, 0, 0, [(1, 1, 1, 4, 0, 164.39454650878906, 165.81072998046875), (0, 0, 0, 0, 0, 0.0, 0.0), (0, 0, 0, 0, 0, 0.0, 0.0), (0, 0, 0, 0, 0, 0.0, 0.0)])]
[ (1, 3, 1, 163.6552734375, 165.50254821777344, 0.0, 0.0, 1.0581914186477661, 0.0, 1, 0, 0, [(1, 1, 1, 4, 0, 163.6552734375, 165.50254821777344), (0, 0, 0, 0, 0, 0.0, 0.0), (0, 0, 0, 0, 0, 0.0, 0.0), (0, 0, 0, 0, 0, 0.0, 0.0)])]
[ (1, 3, 1, 166.4800567626953, 156.1271514892578, 0.0, 0.0, 1.0492664575576782, 0.0, 1, 0, 0, [(1, 1, 1, 4, 0, 166.4800567626953, 156.1271514892578), (0, 0, 0, 0, 0, 0.0, 0.0), (0, 0, 0, 0, 0, 0.0, 0.0), (0, 0, 0, 0, 0, 0.0, 0.0)])]
[ (1, 3, 1, 159.9781951904297, 162.7793426513672, 0.0, 0.0, 1.051047921180725, 0.0, 1, 0, 0, [(1, 1, 1, 4, 0, 159.9781951904297, 162.7793426513672), (0, 0, 0, 0, 0, 0.0, 0.0), (0, 0, 0, 0, 0, 0.0, 0.0), (0, 0, 0, 0, 0, 0.0, 0.0)])]
[ (1, 3, 1, 169.55087280273438, 161.51553344726562, 0.0, 0.0, 1.0492717027664185, 0.0, 1, 0, 0, [(1, 1, 1, 4, 0, 169.55087280273438, 161.51553344726562), (0, 0, 0, 0, 0, 0.0, 0.0), (0, 0, 0, 0, 0, 0.0, 0.0), (0, 0, 0, 0, 0, 0.0, 0.0)])]
[ (1, 3, 1, 165.7371826171875, 156.88211059570312, 0.0, 0.0, 1.0506372451782227, 0.0, 1, 0, 0, [(1, 1, 1, 4, 0, 165.7371826171875, 156.88211059570312), (0, 0, 0, 0, 0, 0.0, 0.0), (0, 0, 0, 0, 0, 0.0, 0.0), (0, 0, 0, 0, 0, 0.0, 0.0)])]
[ (1, 3, 1, 165.5303192138672, 154.97535705566406, 0.0, 0.0, 1.0462958812713623, 0.0, 1, 0, 0, [(1, 1, 1, 4, 0, 165.5303192138672, 154.97535705566406), (0, 0, 0, 0, 0, 0.0, 0.0), (0, 0, 0, 0, 0, 0.0, 0.0), (0, 0, 0, 0, 0, 0.0, 0.0)])]
[ (1, 3, 1, 169.5919952392578, 166.49322509765625, 0.0, 0.0, 1.0528713464736938, 0.0, 1, 0, 0, [(1, 1, 1, 4, 0, 169.5919952392578, 166.49322509765625), (0, 0, 0, 0, 0, 0.0, 0.0), (0, 0, 0, 0, 0, 0.0, 0.0), (0, 0, 0, 0, 0, 0.0, 0.0)])]
[ (1, 3, 1, 162.23397827148438, 164.07591247558594, 0.0, 0.0, 1.0542305707931519, 0.0, 1, 0, 0, [(1, 1, 1, 4, 0, 162.23397827148438, 164.07591247558594), (0, 0, 0, 0, 0, 0.0, 0.0), (0, 0, 0, 0, 0, 0.0, 0.0), (0, 0, 0, 0, 0, 0.0, 0.0)])]
[ (1, 3, 1, 164.39102172851562, 157.94813537597656, 0.0, 0.0, 1.05245840549469, 0.0, 1, 0, 0, [(1, 1, 1, 4, 0, 164.39102172851562, 157.94813537597656), (0, 0, 0, 0, 0, 0.0, 0.0), (0, 0, 0, 0, 0, 0.0, 0.0), (0, 0, 0, 0, 0, 0.0, 0.0)])]
[ (1, 3, 1, 164.68655395507812, 158.87982177734375, 0.0, 0.0, 1.0483053922653198, 0.0, 1, 0, 0, [(1, 1, 1, 4, 0, 164.68655395507812, 158.87982177734375), (0, 0, 0, 0, 0, 0.0, 0.0), (0, 0, 0, 0, 0, 0.0, 0.0), (0, 0, 0, 0, 0, 0.0, 0.0)])]
[ (1, 3, 1, 158.47560119628906, 150.62530517578125, 0.0, 0.0, 1.0444897413253784, 0.0, 1, 0, 0, [(1, 1, 1, 4, 0, 158.47560119628906, 150.62530517578125), (0, 0, 0, 0, 0, 0.0, 0.0), (0, 0, 0, 0, 0, 0.0, 0.0), (0, 0, 0, 0, 0, 0.0, 0.0)])]
[ (1, 3, 1, 160.50274658203125, 164.3069610595703, 0.0, 0.0, 1.0557235479354858, 0.0, 1, 0, 0, [(1, 1, 1, 4, 0, 160.50274658203125, 164.3069610595703), (0, 0, 0, 0, 0, 0.0, 0.0), (0, 0, 0, 0, 0, 0.0, 0.0), (0, 0, 0, 0, 0, 0.0, 0.0)])]
[ (1, 3, 1, 161.32122802734375, 155.34991455078125, 0.0, 0.0, 1.0466817617416382, 0.0, 1, 0, 0, [(1, 1, 1, 4, 0, 161.32122802734375, 155.34991455078125), (0, 0, 0, 0, 0, 0.0, 0.0), (0, 0, 0, 0, 0, 0.0, 0.0), (0, 0, 0, 0, 0, 0.0, 0.0)])]
[ (1, 3, 1, 169.19598388671875, 153.99591064453125, 0.0, 0.0, 1.0480045080184937, 0.0, 1, 0, 0, [(1, 1, 1, 4, 0, 169.19598388671875, 153.99591064453125), (0, 0, 0, 0, 0, 0.0, 0.0), (0, 0, 0, 0, 0, 0.0, 0.0), (0, 0, 0, 0, 0, 0.0, 0.0)])]
[ (1, 3, 1, 167.13113403320312, 168.86746215820312, 0.0, 0.0, 1.0587196350097656, 0.0, 1, 0, 0, [(1, 1, 1, 4, 0, 167.13113403320312, 168.86746215820312), (0, 0, 0, 0, 0, 0.0, 0.0), (0, 0, 0, 0, 0, 0.0, 0.0), (0, 0, 0, 0, 0, 0.0, 0.0)])]
[ (1, 3, 1, 162.1759796142578, 155.44174194335938, 0.0, 0.0, 1.046446442604065, 0.0, 1, 0, 0, [(1, 1, 1, 4, 0, 162.1759796142578, 155.44174194335938), (0, 0, 0, 0, 0, 0.0, 0.0), (0, 0, 0, 0, 0, 0.0, 0.0), (0, 0, 0, 0, 0, 0.0, 0.0)])]
[ (1, 3, 1, 162.22616577148438, 163.85084533691406, 0.0, 0.0, 1.0571571588516235, 0.0, 1, 0, 0, [(1, 1, 1, 4, 0, 162.22616577148438, 163.85084533691406), (0, 0, 0, 0, 0, 0.0, 0.0), (0, 0, 0, 0, 0, 0.0, 0.0), (0, 0, 0, 0, 0, 0.0, 0.0)])]
[ (1, 3, 1, 163.81207275390625, 159.54417419433594, 0.0, 0.0, 1.049822449684143, 0.0, 1, 0, 0, [(1, 1, 1, 4, 0, 163.81207275390625, 159.54417419433594), (0, 0, 0, 0, 0, 0.0, 0.0), (0, 0, 0, 0, 0, 0.0, 0.0), (0, 0, 0, 0, 0, 0.0, 0.0)])]
[ (1, 3, 1, 163.7098846435547, 153.23675537109375, 0.0, 0.0, 1.0445905923843384, 0.0, 1, 0, 0, [(1, 1, 1, 4, 0, 163.7098846435547, 153.23675537109375), (0, 0, 0, 0, 0, 0.0, 0.0), (0, 0, 0, 0, 0, 0.0, 0.0), (0, 0, 0, 0, 0, 0.0, 0.0)])]
